rm -f sp_lw_16_dsa_pm_skel
prep_spec > /dev/null << EOF
sp_lw_16_dsa_pm_skel
16
6
1
2
6
13
23
37
5
1 1
2 2
2 6
2 23
13 13
0
c
2.500000000E+02     1.000000000E+00
4.000000000E+02     2.500000000E+02
4.800000000E+02     4.000000000E+02
5.200000000E+02     4.800000000E+02
5.700000000E+02     5.200000000E+02
7.500000000E+02     5.700000000E+02
8.600000000E+02     7.500000000E+02
1.110000000E+03     8.600000000E+02
1.150000000E+03     1.110000000E+03
1.200000000E+03     1.150000000E+03
1.310000000E+03     1.200000000E+03
1.420000000E+03     1.310000000E+03
1.550000000E+03     1.420000000E+03
1.830000000E+03     1.550000000E+03
2.020000000E+03     1.830000000E+03
3.000000000E+03     2.020000000E+03
0
0
0
0
0
0
0
0
0
0
0
0
0
0
0
0
0
0
0
0
0
0
0
0
0
0
0
0
0
0
0
0
n
-1
EOF
