rm -f sp_lw_10_dsa_titan_skel
prep_spec <<EOF
sp_lw_10_dsa_titan_skel
10
3
6
13
23
3
13 6
13 13
13 23
0
c
1.000000000E+02     1.000000000E+00
2.500000000E+02     1.000000000E+02
5.000000000E+02     2.500000000E+02
1.000000000E+03     5.000000000E+02
1.100000000E+03     1.000000000E+03
1.200000000E+03     1.100000000E+03
1.300000000E+03     1.200000000E+03
1.400000000E+03     1.300000000E+03
1.600000000E+03     1.400000000E+03
2.000000000E+03     1.600000000E+03
0
0
0
0
0
0
0
0
0
0
0
0
0
0
0
0
0
0
0
0
n
-1
EOF
