# This script creates a basic skeleton 350 band spectral file.

rm -f sp_lw_350_jm2dsa_ckd_skel

prep_spec > /dev/null <<EOF
sp_lw_350_jm2dsa_ckd_skel
350
12
1
2
3
4
6
9
14
15
16
17
19
25
0
0
c
1.000000000D+01     1.000000000D+00
2.000000000D+01     1.000000000D+01
3.000000000D+01     2.000000000D+01
4.000000000D+01     3.000000000D+01
5.000000000D+01     4.000000000D+01
6.000000000D+01     5.000000000D+01
7.000000000D+01     6.000000000D+01
8.000000000D+01     7.000000000D+01
9.000000000D+01     8.000000000D+01
1.000000000D+02     9.000000000D+01
1.100000000D+02     1.000000000D+02
1.200000000D+02     1.100000000D+02
1.300000000D+02     1.200000000D+02
1.400000000D+02     1.300000000D+02
1.500000000D+02     1.400000000D+02
1.600000000D+02     1.500000000D+02
1.700000000D+02     1.600000000D+02
1.800000000D+02     1.700000000D+02
1.900000000D+02     1.800000000D+02
2.000000000D+02     1.900000000D+02
2.100000000D+02     2.000000000D+02
2.200000000D+02     2.100000000D+02
2.300000000D+02     2.200000000D+02
2.400000000D+02     2.300000000D+02
2.500000000D+02     2.400000000D+02
2.600000000D+02     2.500000000D+02
2.700000000D+02     2.600000000D+02
2.800000000D+02     2.700000000D+02
2.900000000D+02     2.800000000D+02
3.000000000D+02     2.900000000D+02
3.100000000D+02     3.000000000D+02
3.200000000D+02     3.100000000D+02
3.300000000D+02     3.200000000D+02
3.400000000D+02     3.300000000D+02
3.500000000D+02     3.400000000D+02
3.600000000D+02     3.500000000D+02
3.700000000D+02     3.600000000D+02
3.800000000D+02     3.700000000D+02
3.900000000D+02     3.800000000D+02
4.000000000D+02     3.900000000D+02
4.100000000D+02     4.000000000D+02
4.200000000D+02     4.100000000D+02
4.300000000D+02     4.200000000D+02
4.400000000D+02     4.300000000D+02
4.500000000D+02     4.400000000D+02
4.600000000D+02     4.500000000D+02
4.700000000D+02     4.600000000D+02
4.800000000D+02     4.700000000D+02
4.900000000D+02     4.800000000D+02
5.000000000D+02     4.900000000D+02
5.100000000D+02     5.000000000D+02
5.200000000D+02     5.100000000D+02
5.300000000D+02     5.200000000D+02
5.400000000D+02     5.300000000D+02
5.500000000D+02     5.400000000D+02
5.600000000D+02     5.500000000D+02
5.700000000D+02     5.600000000D+02
5.800000000D+02     5.700000000D+02
5.900000000D+02     5.800000000D+02
6.000000000D+02     5.900000000D+02
6.100000000D+02     6.000000000D+02
6.200000000D+02     6.100000000D+02
6.300000000D+02     6.200000000D+02
6.400000000D+02     6.300000000D+02
6.500000000D+02     6.400000000D+02
6.600000000D+02     6.500000000D+02
6.700000000D+02     6.600000000D+02
6.800000000D+02     6.700000000D+02
6.900000000D+02     6.800000000D+02
7.000000000D+02     6.900000000D+02
7.100000000D+02     7.000000000D+02
7.200000000D+02     7.100000000D+02
7.300000000D+02     7.200000000D+02
7.400000000D+02     7.300000000D+02
7.500000000D+02     7.400000000D+02
7.600000000D+02     7.500000000D+02
7.700000000D+02     7.600000000D+02
7.800000000D+02     7.700000000D+02
7.900000000D+02     7.800000000D+02
8.000000000D+02     7.900000000D+02
8.100000000D+02     8.000000000D+02
8.200000000D+02     8.100000000D+02
8.300000000D+02     8.200000000D+02
8.400000000D+02     8.300000000D+02
8.500000000D+02     8.400000000D+02
8.600000000D+02     8.500000000D+02
8.700000000D+02     8.600000000D+02
8.800000000D+02     8.700000000D+02
8.900000000D+02     8.800000000D+02
9.000000000D+02     8.900000000D+02
9.100000000D+02     9.000000000D+02
9.200000000D+02     9.100000000D+02
9.300000000D+02     9.200000000D+02
9.400000000D+02     9.300000000D+02
9.500000000D+02     9.400000000D+02
9.600000000D+02     9.500000000D+02
9.700000000D+02     9.600000000D+02
9.800000000D+02     9.700000000D+02
9.900000000D+02     9.800000000D+02
1.000000000D+03     9.900000000D+02
1.010000000D+03     1.000000000D+03
1.020000000D+03     1.010000000D+03
1.030000000D+03     1.020000000D+03
1.040000000D+03     1.030000000D+03
1.050000000D+03     1.040000000D+03
1.060000000D+03     1.050000000D+03
1.070000000D+03     1.060000000D+03
1.080000000D+03     1.070000000D+03
1.090000000D+03     1.080000000D+03
1.100000000D+03     1.090000000D+03
1.110000000D+03     1.100000000D+03
1.120000000D+03     1.110000000D+03
1.130000000D+03     1.120000000D+03
1.140000000D+03     1.130000000D+03
1.150000000D+03     1.140000000D+03
1.160000000D+03     1.150000000D+03
1.170000000D+03     1.160000000D+03
1.180000000D+03     1.170000000D+03
1.190000000D+03     1.180000000D+03
1.200000000D+03     1.190000000D+03
1.210000000D+03     1.200000000D+03
1.220000000D+03     1.210000000D+03
1.230000000D+03     1.220000000D+03
1.240000000D+03     1.230000000D+03
1.250000000D+03     1.240000000D+03
1.260000000D+03     1.250000000D+03
1.270000000D+03     1.260000000D+03
1.280000000D+03     1.270000000D+03
1.290000000D+03     1.280000000D+03
1.300000000D+03     1.290000000D+03
1.310000000D+03     1.300000000D+03
1.320000000D+03     1.310000000D+03
1.330000000D+03     1.320000000D+03
1.340000000D+03     1.330000000D+03
1.350000000D+03     1.340000000D+03
1.360000000D+03     1.350000000D+03
1.370000000D+03     1.360000000D+03
1.380000000D+03     1.370000000D+03
1.390000000D+03     1.380000000D+03
1.400000000D+03     1.390000000D+03
1.410000000D+03     1.400000000D+03
1.420000000D+03     1.410000000D+03
1.430000000D+03     1.420000000D+03
1.440000000D+03     1.430000000D+03
1.450000000D+03     1.440000000D+03
1.460000000D+03     1.450000000D+03
1.470000000D+03     1.460000000D+03
1.480000000D+03     1.470000000D+03
1.490000000D+03     1.480000000D+03
1.500000000D+03     1.490000000D+03
1.510000000D+03     1.500000000D+03
1.520000000D+03     1.510000000D+03
1.530000000D+03     1.520000000D+03
1.540000000D+03     1.530000000D+03
1.550000000D+03     1.540000000D+03
1.560000000D+03     1.550000000D+03
1.570000000D+03     1.560000000D+03
1.580000000D+03     1.570000000D+03
1.590000000D+03     1.580000000D+03
1.600000000D+03     1.590000000D+03
1.610000000D+03     1.600000000D+03
1.620000000D+03     1.610000000D+03
1.630000000D+03     1.620000000D+03
1.640000000D+03     1.630000000D+03
1.650000000D+03     1.640000000D+03
1.660000000D+03     1.650000000D+03
1.670000000D+03     1.660000000D+03
1.680000000D+03     1.670000000D+03
1.690000000D+03     1.680000000D+03
1.700000000D+03     1.690000000D+03
1.710000000D+03     1.700000000D+03
1.720000000D+03     1.710000000D+03
1.730000000D+03     1.720000000D+03
1.740000000D+03     1.730000000D+03
1.750000000D+03     1.740000000D+03
1.760000000D+03     1.750000000D+03
1.770000000D+03     1.760000000D+03
1.780000000D+03     1.770000000D+03
1.790000000D+03     1.780000000D+03
1.800000000D+03     1.790000000D+03
1.810000000D+03     1.800000000D+03
1.820000000D+03     1.810000000D+03
1.830000000D+03     1.820000000D+03
1.840000000D+03     1.830000000D+03
1.850000000D+03     1.840000000D+03
1.860000000D+03     1.850000000D+03
1.870000000D+03     1.860000000D+03
1.880000000D+03     1.870000000D+03
1.890000000D+03     1.880000000D+03
1.900000000D+03     1.890000000D+03
1.910000000D+03     1.900000000D+03
1.920000000D+03     1.910000000D+03
1.930000000D+03     1.920000000D+03
1.940000000D+03     1.930000000D+03
1.950000000D+03     1.940000000D+03
1.960000000D+03     1.950000000D+03
1.970000000D+03     1.960000000D+03
1.980000000D+03     1.970000000D+03
1.990000000D+03     1.980000000D+03
2.000000000D+03     1.990000000D+03
2.010000000D+03     2.000000000D+03
2.020000000D+03     2.010000000D+03
2.030000000D+03     2.020000000D+03
2.040000000D+03     2.030000000D+03
2.050000000D+03     2.040000000D+03
2.060000000D+03     2.050000000D+03
2.070000000D+03     2.060000000D+03
2.080000000D+03     2.070000000D+03
2.090000000D+03     2.080000000D+03
2.100000000D+03     2.090000000D+03
2.110000000D+03     2.100000000D+03
2.120000000D+03     2.110000000D+03
2.130000000D+03     2.120000000D+03
2.140000000D+03     2.130000000D+03
2.150000000D+03     2.140000000D+03
2.160000000D+03     2.150000000D+03
2.170000000D+03     2.160000000D+03
2.180000000D+03     2.170000000D+03
2.190000000D+03     2.180000000D+03
2.200000000D+03     2.190000000D+03
2.210000000D+03     2.200000000D+03
2.220000000D+03     2.210000000D+03
2.230000000D+03     2.220000000D+03
2.240000000D+03     2.230000000D+03
2.250000000D+03     2.240000000D+03
2.260000000D+03     2.250000000D+03
2.270000000D+03     2.260000000D+03
2.280000000D+03     2.270000000D+03
2.290000000D+03     2.280000000D+03
2.300000000D+03     2.290000000D+03
2.310000000D+03     2.300000000D+03
2.320000000D+03     2.310000000D+03
2.330000000D+03     2.320000000D+03
2.340000000D+03     2.330000000D+03
2.350000000D+03     2.340000000D+03
2.360000000D+03     2.350000000D+03
2.370000000D+03     2.360000000D+03
2.380000000D+03     2.370000000D+03
2.390000000D+03     2.380000000D+03
2.400000000D+03     2.390000000D+03
2.410000000D+03     2.400000000D+03
2.420000000D+03     2.410000000D+03
2.430000000D+03     2.420000000D+03
2.440000000D+03     2.430000000D+03
2.450000000D+03     2.440000000D+03
2.460000000D+03     2.450000000D+03
2.470000000D+03     2.460000000D+03
2.480000000D+03     2.470000000D+03
2.490000000D+03     2.480000000D+03
2.500000000D+03     2.490000000D+03
2.510000000D+03     2.500000000D+03
2.520000000D+03     2.510000000D+03
2.530000000D+03     2.520000000D+03
2.540000000D+03     2.530000000D+03
2.550000000D+03     2.540000000D+03
2.560000000D+03     2.550000000D+03
2.570000000D+03     2.560000000D+03
2.580000000D+03     2.570000000D+03
2.590000000D+03     2.580000000D+03
2.600000000D+03     2.590000000D+03
2.610000000D+03     2.600000000D+03
2.620000000D+03     2.610000000D+03
2.630000000D+03     2.620000000D+03
2.640000000D+03     2.630000000D+03
2.650000000D+03     2.640000000D+03
2.660000000D+03     2.650000000D+03
2.670000000D+03     2.660000000D+03
2.680000000D+03     2.670000000D+03
2.690000000D+03     2.680000000D+03
2.700000000D+03     2.690000000D+03
2.710000000D+03     2.700000000D+03
2.720000000D+03     2.710000000D+03
2.730000000D+03     2.720000000D+03
2.740000000D+03     2.730000000D+03
2.750000000D+03     2.740000000D+03
2.760000000D+03     2.750000000D+03
2.770000000D+03     2.760000000D+03
2.780000000D+03     2.770000000D+03
2.790000000D+03     2.780000000D+03
2.800000000D+03     2.790000000D+03
2.810000000D+03     2.800000000D+03
2.820000000D+03     2.810000000D+03
2.830000000D+03     2.820000000D+03
2.840000000D+03     2.830000000D+03
2.850000000D+03     2.840000000D+03
2.860000000D+03     2.850000000D+03
2.870000000D+03     2.860000000D+03
2.880000000D+03     2.870000000D+03
2.890000000D+03     2.880000000D+03
2.900000000D+03     2.890000000D+03
2.910000000D+03     2.900000000D+03
2.920000000D+03     2.910000000D+03
2.930000000D+03     2.920000000D+03
2.940000000D+03     2.930000000D+03
2.950000000D+03     2.940000000D+03
2.960000000D+03     2.950000000D+03
2.970000000D+03     2.960000000D+03
2.980000000D+03     2.970000000D+03
2.990000000D+03     2.980000000D+03
3.000000000D+03     2.990000000D+03
3.010000000D+03     3.000000000D+03
3.020000000D+03     3.010000000D+03
3.030000000D+03     3.020000000D+03
3.040000000D+03     3.030000000D+03
3.050000000D+03     3.040000000D+03
3.060000000D+03     3.050000000D+03
3.070000000D+03     3.060000000D+03
3.080000000D+03     3.070000000D+03
3.090000000D+03     3.080000000D+03
3.100000000D+03     3.090000000D+03
3.110000000D+03     3.100000000D+03
3.120000000D+03     3.110000000D+03
3.130000000D+03     3.120000000D+03
3.140000000D+03     3.130000000D+03
3.150000000D+03     3.140000000D+03
3.160000000D+03     3.150000000D+03
3.170000000D+03     3.160000000D+03
3.180000000D+03     3.170000000D+03
3.190000000D+03     3.180000000D+03
3.200000000D+03     3.190000000D+03
3.210000000D+03     3.200000000D+03
3.220000000D+03     3.210000000D+03
3.230000000D+03     3.220000000D+03
3.240000000D+03     3.230000000D+03
3.250000000D+03     3.240000000D+03
3.260000000D+03     3.250000000D+03
3.270000000D+03     3.260000000D+03
3.280000000D+03     3.270000000D+03
3.290000000D+03     3.280000000D+03
3.300000000D+03     3.290000000D+03
3.310000000D+03     3.300000000D+03
3.320000000D+03     3.310000000D+03
3.330000000D+03     3.320000000D+03
3.340000000D+03     3.330000000D+03
3.350000000D+03     3.340000000D+03
3.360000000D+03     3.350000000D+03
3.370000000D+03     3.360000000D+03
3.380000000D+03     3.370000000D+03
3.390000000D+03     3.380000000D+03
3.400000000D+03     3.390000000D+03
3.410000000D+03     3.400000000D+03
3.420000000D+03     3.410000000D+03
3.430000000D+03     3.420000000D+03
3.440000000D+03     3.430000000D+03
3.450000000D+03     3.440000000D+03
3.460000000D+03     3.450000000D+03
3.470000000D+03     3.460000000D+03
3.480000000D+03     3.470000000D+03
3.490000000D+03     3.480000000D+03
3.500000000D+03     3.490000000D+03
0
0
0
0
0
0
0
0
0
0
0
0
0
0
0
0
0
0
0
0
0
0
0
0
0
0
0
0
0
0
0
0
0
0
0
0
0
0
0
0
0
0
0
0
0
0
0
0
0
0
0
0
0
0
0
0
0
0
0
0
0
0
0
0
0
0
0
0
0
0
0
0
0
0
0
0
0
0
0
0
0
0
0
0
0
0
0
0
0
0
0
0
0
0
0
0
0
0
0
0
0
0
0
0
0
0
0
0
0
0
0
0
0
0
0
0
0
0
0
0
0
0
0
0
0
0
0
0
0
0
0
0
0
0
0
0
0
0
0
0
0
0
0
0
0
0
0
0
0
0
0
0
0
0
0
0
0
0
0
0
0
0
0
0
0
0
0
0
0
0
0
0
0
0
0
0
0
0
0
0
0
0
0
0
0
0
0
0
0
0
0
0
0
0
0
0
0
0
0
0
0
0
0
0
0
0
0
0
0
0
0
0
0
0
0
0
0
0
0
0
0
0
0
0
0
0
0
0
0
0
0
0
0
0
0
0
0
0
0
0
0
0
0
0
0
0
0
0
0
0
0
0
0
0
0
0
0
0
0
0
0
0
0
0
0
0
0
0
0
0
0
0
0
0
0
0
0
0
0
0
0
0
0
0
0
0
0
0
0
0
0
0
0
0
0
0
0
0
0
0
0
0
0
0
0
0
0
0
0
0
0
0
0
0
0
0
0
0
0
0
0
0
0
0
0
0
0
0
0
0
0
0
0
0
0
0
0
0
0
0
0
0
0
0
0
0
0
0
0
0
1
1
1
1
1
1
1
1
1
1
1
1
1
1
1
1
1
1
1
1
1
1
1
1
1
1
1
1
1
1
1
1
1
1
1
1
1
1
1
1
1
1
1
1
1
1
1
1
1
1
1
1
1
1
1
1
1
1
1
1
1
1
1
1
1
1
1
1
1
1
1
1
1
1
1
1
1
1
1
1
1
1
1
1
1
1
1
1
1
1
1
1
1
1
1
1
1
1
1
1
1
1
1
1
1
1
1
1
1
1
1
1
1
1
1
1
1
1
1
1
1
1
1
1
1
1
1
1
1
1
1
1
1
1
1
1
1
1
1
1
1
1
1
1
1
1
1
1
1
1
1
1
1
1
1
1
1
1
1
1
1
1
1
1
1
1
1
1
1
1
1
1
1
1
1
1
1
1
1
1
1
1
1
1
1
1
1
1
1
1
1
1
1
1
1
1
1
1
1
1
1
1
1
1
1
1
1
1
1
1
1
1
1
1
1
1
1
1
1
1
1
1
1
1
1
1
1
1
1
1
1
1
1
1
1
1
1
1
1
1
1
1
1
1
1
1
1
1
1
1
1
1
1
1
1
1
1
1
1
1
1
1
1
1
1
1
1
1
1
1
1
1
1
1
1
1
1
1
1
1
1
1
1
1
1
1
1
1
1
1
1
1
1
1
1
1
1
1
1
1
1
1
1
1
1
1
1
1
1
1
1
1
1
1
1
1
1
1
1
1
1
1
1
1
1
1
1
1
1
1
1
1
1
1
1
1
1
1
1
1
1
1
1
1
1
1
1
1
1
1
n
-1
EOF
