rm -f sp_sw_11_dsa_skel
prep_spec <<\EOF
sp_sw_11_dsa_skel
11
8
1
2
3
4
6
7
9
25
0
m
2.000000000E-07     3.200000000E-07
3.200000000E-07     5.050000000E-07
5.050000000E-07     6.900000000E-07
6.900000000E-07     8.700000000E-07
8.700000000E-07     1.190000000E-06
1.190000000E-06     1.360000000E-06
1.360000000E-06     1.580000000E-06
1.580000000E-06     1.900000000E-06
1.900000000E-06     2.380000000E-06
2.380000000E-06     4.200000000E-06
4.200000000E-06     2.000000000E-05
0
0
0
0
0
0
0
0
0
0
0
0
0
1
1
1
1
1
1
1
1
1
n
-1
EOF
