# This script creates a basic skeleton 500 band spectral file.

rm -f sp_sw_500_dsa_skel

prep_spec > /dev/null <<EOF
sp_sw_500_dsa_skel
500
8
1
2
3
4
6
7
9
25
0
m
2.018505660D-07     2.000000000D-07
2.037182658D-07     2.018505660D-07
2.056032647D-07     2.037182658D-07
2.075056882D-07     2.056032647D-07
2.094257065D-07     2.075056882D-07
2.113634932D-07     2.094257065D-07
2.133192258D-07     2.113634932D-07
2.152930397D-07     2.133192258D-07
2.172851181D-07     2.152930397D-07
2.192956487D-07     2.172851181D-07
2.213247749D-07     2.192956487D-07
2.233726410D-07     2.213247749D-07
2.254394943D-07     2.233726410D-07
2.275254356D-07     2.254394943D-07
2.296307217D-07     2.275254356D-07
2.317554572D-07     2.296307217D-07
2.338998544D-07     2.317554572D-07
2.360641311D-07     2.338998544D-07
2.382483978D-07     2.360641311D-07
2.404528786D-07     2.382483978D-07
2.426777451D-07     2.404528786D-07
2.449232313D-07     2.426777451D-07
2.471895170D-07     2.449232313D-07
2.494767226D-07     2.471895170D-07
2.517850934D-07     2.494767226D-07
2.541148177D-07     2.517850934D-07
2.564660871D-07     2.541148177D-07
2.588391633D-07     2.564660871D-07
2.612341800D-07     2.588391633D-07
2.636513390D-07     2.612341800D-07
2.660909169D-07     2.636513390D-07
2.685529828D-07     2.660909169D-07
2.710378935D-07     2.685529828D-07
2.735457964D-07     2.710378935D-07
2.760768377D-07     2.735457964D-07
2.786313960D-07     2.760768377D-07
2.812094707D-07     2.786313960D-07
2.838115321D-07     2.812094707D-07
2.864375815D-07     2.838115321D-07
2.890879420D-07     2.864375815D-07
2.917628633D-07     2.890879420D-07
2.944625146D-07     2.917628633D-07
2.971871533D-07     2.944625146D-07
2.999369533D-07     2.971871533D-07
3.027122717D-07     2.999369533D-07
3.055131995D-07     3.027122717D-07
3.083401065D-07     3.055131995D-07
3.111930863D-07     3.083401065D-07
3.140725219D-07     3.111930863D-07
3.169786106D-07     3.140725219D-07
3.199116532D-07     3.169786106D-07
3.228717505D-07     3.199116532D-07
3.258592093D-07     3.228717505D-07
3.288743453D-07     3.258592093D-07
3.319173738D-07     3.288743453D-07
3.349886238D-07     3.319173738D-07
3.380882059D-07     3.349886238D-07
3.412164571D-07     3.380882059D-07
3.443737254D-07     3.412164571D-07
3.475601279D-07     3.443737254D-07
3.507761448D-07     3.475601279D-07
3.540217759D-07     3.507761448D-07
3.572975159D-07     3.540217759D-07
3.606034916D-07     3.572975159D-07
3.639402206D-07     3.606034916D-07
3.673077043D-07     3.639402206D-07
3.707063402D-07     3.673077043D-07
3.741363997D-07     3.707063402D-07
3.775983011D-07     3.741363997D-07
3.810921873D-07     3.775983011D-07
3.846183432D-07     3.810921873D-07
3.881772091D-07     3.846183432D-07
3.917689347D-07     3.881772091D-07
3.953939765D-07     3.917689347D-07
3.990524898D-07     3.953939765D-07
4.027447863D-07     3.990524898D-07
4.064713491D-07     4.027447863D-07
4.102325116D-07     4.064713491D-07
4.140282715D-07     4.102325116D-07
4.178593068D-07     4.140282715D-07
4.217256169D-07     4.178593068D-07
4.256277264D-07     4.217256169D-07
4.295661811D-07     4.256277264D-07
4.335407971D-07     4.295661811D-07
4.375523148D-07     4.335407971D-07
4.416009270D-07     4.375523148D-07
4.456870199D-07     4.416009270D-07
4.498109894D-07     4.456870199D-07
4.539730358D-07     4.498109894D-07
4.581735644D-07     4.539730358D-07
4.624129912D-07     4.581735644D-07
4.666915258D-07     4.624129912D-07
4.710098168D-07     4.666915258D-07
4.753680894D-07     4.710098168D-07
4.797665648D-07     4.753680894D-07
4.842056945D-07     4.797665648D-07
4.886861819D-07     4.842056945D-07
4.932077889D-07     4.886861819D-07
5.000000000D-07     4.932077889D-07
5.023772491D-07     5.000000000D-07
5.070256002D-07     5.023772491D-07
5.117173028D-07     5.070256002D-07
5.164520980D-07     5.117173028D-07
5.212307718D-07     5.164520980D-07
5.260535933D-07     5.212307718D-07
5.309211110D-07     5.260535933D-07
5.358336044D-07     5.309211110D-07
5.407916433D-07     5.358336044D-07
5.457955188D-07     5.407916433D-07
5.508458238D-07     5.457955188D-07
5.559425533D-07     5.508458238D-07
5.610866228D-07     5.559425533D-07
5.662783507D-07     5.610866228D-07
5.715180548D-07     5.662783507D-07
5.768063846D-07     5.715180548D-07
5.821433353D-07     5.768063846D-07
5.875299126D-07     5.821433353D-07
5.929661173D-07     5.875299126D-07
5.984529990D-07     5.929661173D-07
6.039902009D-07     5.984529990D-07
6.095791709D-07     6.039902009D-07
6.152195472D-07     6.095791709D-07
6.209120702D-07     6.152195472D-07
6.266571164D-07     6.209120702D-07
6.324554641D-07     6.266571164D-07
6.383075149D-07     6.324554641D-07
6.442136728D-07     6.383075149D-07
6.501747670D-07     6.442136728D-07
6.561907993D-07     6.501747670D-07
6.622621817D-07     6.561907993D-07
6.683902223D-07     6.622621817D-07
6.745744784D-07     6.683902223D-07
6.808162987D-07     6.745744784D-07
6.871156876D-07     6.808162987D-07
6.934735814D-07     6.871156876D-07
6.998904671D-07     6.934735814D-07
7.063663385D-07     6.998904671D-07
7.129021749D-07     7.063663385D-07
7.194984808D-07     7.129021749D-07
7.261562950D-07     7.194984808D-07
7.328750910D-07     7.261562950D-07
7.396564592D-07     7.328750910D-07
7.465004061D-07     7.396564592D-07
7.534074737D-07     7.465004061D-07
7.603787903D-07     7.534074737D-07
7.674143585D-07     7.603787903D-07
7.745153470D-07     7.674143585D-07
7.816817570D-07     7.745153470D-07
7.889148004D-07     7.816817570D-07
7.962144779D-07     7.889148004D-07
8.035814016D-07     7.962144779D-07
8.110168529D-07     8.035814016D-07
8.185215046D-07     8.110168529D-07
8.260946787D-07     8.185215046D-07
8.337390864D-07     8.260946787D-07
8.414533582D-07     8.337390864D-07
8.492388697D-07     8.414533582D-07
8.570970637D-07     8.492388697D-07
8.650279577D-07     8.570970637D-07
8.730315322D-07     8.650279577D-07
8.811100577D-07     8.730315322D-07
8.892627745D-07     8.811100577D-07
8.974904372D-07     8.892627745D-07
9.057954605D-07     8.974904372D-07
9.141762221D-07     9.057954605D-07
9.226351937D-07     9.141762221D-07
9.311723926D-07     9.226351937D-07
9.397877959D-07     9.311723926D-07
9.484840380D-07     9.397877959D-07
9.572602446D-07     9.484840380D-07
9.661173002D-07     9.572602446D-07
9.750570652D-07     9.661173002D-07
9.840785925D-07     9.750570652D-07
9.931847661D-07     9.840785925D-07
1.002374625D-06     9.931847661D-07
1.011649140D-06     1.002374625D-06
1.021010351D-06     1.011649140D-06
1.030457224D-06     1.021010351D-06
1.039991846D-06     1.030457224D-06
1.049615316D-06     1.039991846D-06
1.059326523D-06     1.049615316D-06
1.069128799D-06     1.059326523D-06
1.079021026D-06     1.069128799D-06
1.089005509D-06     1.079021026D-06
1.099082266D-06     1.089005509D-06
1.109251266D-06     1.099082266D-06
1.119514937D-06     1.109251266D-06
1.129874561D-06     1.119514937D-06
1.140328871D-06     1.129874561D-06
1.150880424D-06     1.140328871D-06
1.161529223D-06     1.150880424D-06
1.172276596D-06     1.161529223D-06
1.183123920D-06     1.172276596D-06
1.194071198D-06     1.183123920D-06
1.205119831D-06     1.194071198D-06
1.216269798D-06     1.205119831D-06
1.227524035D-06     1.216269798D-06
1.238882577D-06     1.227524035D-06
1.250345408D-06     1.238882577D-06
1.261914046D-06     1.250345408D-06
1.273591694D-06     1.261914046D-06
1.285375130D-06     1.273591694D-06
1.297269248D-06     1.285375130D-06
1.309272398D-06     1.297269248D-06
1.321386240D-06     1.309272398D-06
1.333614281D-06     1.321386240D-06
1.345952989D-06     1.333614281D-06
1.358407729D-06     1.345952989D-06
1.370976698D-06     1.358407729D-06
1.383661722D-06     1.370976698D-06
1.396464710D-06     1.383661722D-06
1.409385663D-06     1.396464710D-06
1.422426546D-06     1.409385663D-06
1.435589410D-06     1.422426546D-06
1.448872198D-06     1.435589410D-06
1.462279050D-06     1.448872198D-06
1.475807820D-06     1.462279050D-06
1.489465014D-06     1.475807820D-06
1.503246260D-06     1.489465014D-06
1.517156000D-06     1.503246260D-06
1.531194255D-06     1.517156000D-06
1.545360981D-06     1.531194255D-06
1.559660930D-06     1.545360981D-06
1.574091710D-06     1.559660930D-06
1.588655727D-06     1.574091710D-06
1.603355502D-06     1.588655727D-06
1.618191057D-06     1.603355502D-06
1.633165008D-06     1.618191057D-06
1.648277385D-06     1.633165008D-06
1.663528144D-06     1.648277385D-06
1.678919984D-06     1.663528144D-06
1.694455741D-06     1.678919984D-06
1.710132535D-06     1.694455741D-06
1.725956137D-06     1.710132535D-06
1.741926606D-06     1.725956137D-06
1.758043930D-06     1.741926606D-06
1.774311168D-06     1.758043930D-06
1.790728325D-06     1.774311168D-06
1.807298595D-06     1.790728325D-06
1.824022005D-06     1.807298595D-06
1.840898506D-06     1.824022005D-06
1.857931416D-06     1.840898506D-06
1.875124227D-06     1.857931416D-06
1.892473444D-06     1.875124227D-06
1.909986172D-06     1.892473444D-06
1.927658820D-06     1.909986172D-06
1.945495012D-06     1.927658820D-06
1.963494706D-06     1.945495012D-06
1.981665630D-06     1.963494706D-06
2.000000000D-06     1.981665630D-06
2.018505660D-06     2.000000000D-06
2.037182658D-06     2.018505660D-06
2.056030956D-06     2.037182658D-06
2.075054730D-06     2.056030956D-06
2.094258381D-06     2.075054730D-06
2.113633145D-06     2.094258381D-06
2.133192258D-06     2.113633145D-06
2.152931324D-06     2.133192258D-06
2.172850236D-06     2.152931324D-06
2.192958411D-06     2.172850236D-06
2.213246279D-06     2.192958411D-06
2.233728405D-06     2.213246279D-06
2.254394943D-06     2.233728405D-06
2.275255909D-06     2.254394943D-06
2.296306162D-06     2.275255909D-06
2.317556183D-06     2.296306162D-06
2.339000732D-06     2.317556183D-06
2.360639639D-06     2.339000732D-06
2.382483978D-06     2.360639639D-06
2.404528208D-06     2.382483978D-06
2.426778040D-06     2.404528208D-06
2.449233512D-06     2.426778040D-06
2.471894559D-06     2.449233512D-06
2.494767226D-06     2.471894559D-06
2.517851568D-06     2.494767226D-06
2.541147531D-06     2.517851568D-06
2.564661529D-06     2.541147531D-06
2.588393643D-06     2.564661529D-06
2.612343847D-06     2.588393643D-06
2.636512000D-06     2.612343847D-06
2.660912001D-06     2.636512000D-06
2.685529828D-06     2.660912001D-06
2.710379670D-06     2.685529828D-06
2.735454222D-06     2.710379670D-06
2.760768377D-06     2.735454222D-06
2.786314737D-06     2.760768377D-06
2.812093125D-06     2.786314737D-06
2.838111294D-06     2.812093125D-06
2.864377456D-06     2.838111294D-06
2.890883599D-06     2.864377456D-06
2.917629484D-06     2.890883599D-06
2.944623412D-06     2.917629484D-06
2.971874183D-06     2.944623412D-06
2.999373131D-06     2.971874183D-06
3.027119968D-06     2.999373131D-06
3.055132929D-06     3.027119968D-06
3.083402967D-06     3.055132929D-06
3.111929894D-06     3.083402967D-06
3.140723246D-06     3.111929894D-06
3.169783092D-06     3.140723246D-06
3.199119602D-06     3.169783092D-06
3.228712293D-06     3.199119602D-06
3.258592093D-06     3.228712293D-06
3.288738045D-06     3.258592093D-06
3.319171535D-06     3.288738045D-06
3.349881749D-06     3.319171535D-06
3.380879773D-06     3.349881749D-06
3.412165736D-06     3.380879773D-06
3.443739626D-06     3.412165736D-06
3.475601279D-06     3.443739626D-06
3.507762679D-06     3.475601279D-06
3.540224025D-06     3.507762679D-06
3.572972606D-06     3.540224025D-06
3.606033615D-06     3.572972606D-06
3.639407504D-06     3.606033615D-06
3.673081091D-06     3.639407504D-06
3.707067524D-06     3.673081091D-06
3.741366796D-06     3.707067524D-06
3.775978734D-06     3.741366796D-06
3.810917517D-06     3.775978734D-06
3.846183432D-06     3.810917517D-06
3.881776612D-06     3.846183432D-06
3.917697021D-06     3.881776612D-06
3.953944455D-06     3.917697021D-06
3.990518528D-06     3.953944455D-06
4.027451107D-06     3.990518528D-06
4.064710186D-06     4.027451107D-06
4.102328482D-06     4.064710186D-06
4.140289572D-06     4.102328482D-06
4.178593068D-06     4.140289572D-06
4.217256169D-06     4.178593068D-06
4.256279076D-06     4.217256169D-06
4.295661811D-06     4.256279076D-06
4.335404211D-06     4.295661811D-06
4.375525063D-06     4.335404211D-06
4.416005370D-06     4.375525063D-06
4.456864239D-06     4.416005370D-06
4.498101801D-06     4.456864239D-06
4.539738602D-06     4.498101801D-06
4.581733545D-06     4.539738602D-06
4.624127774D-06     4.581733545D-06
4.666921792D-06     4.624127774D-06
4.710093731D-06     4.666921792D-06
4.753687673D-06     4.710093731D-06
4.797658743D-06     4.753687673D-06
4.842052255D-06     4.797658743D-06
4.886868983D-06     4.842052255D-06
4.932085187D-06     4.886868983D-06
4.977724682D-06     4.932085187D-06
5.023762396D-06     4.977724682D-06
5.070248290D-06     5.023762396D-06
5.117183502D-06     5.070248290D-06
5.164515646D-06     5.117183502D-06
5.212296851D-06     5.164515646D-06
5.260527631D-06     5.212296851D-06
5.309208291D-06     5.260527631D-06
5.358338915D-06     5.309208291D-06
5.407919357D-06     5.358338915D-06
5.457949230D-06     5.407919357D-06
5.508458238D-06     5.457949230D-06
5.559416261D-06     5.508458238D-06
5.610853635D-06     5.559416261D-06
5.662770680D-06     5.610853635D-06
5.715167483D-06     5.662770680D-06
5.768077154D-06     5.715167483D-06
5.821433353D-06     5.768077154D-06
5.875302578D-06     5.821433353D-06
5.929650625D-06     5.875302578D-06
5.984512083D-06     5.929650625D-06
6.039887416D-06     5.984512083D-06
6.095776846D-06     6.039887416D-06
6.152180333D-06     6.095776846D-06
6.209136123D-06     6.152180333D-06
6.266567237D-06     6.209136123D-06
6.324550641D-06     6.266567237D-06
6.383087372D-06     6.324550641D-06
6.442136728D-06     6.383087372D-06
6.501739215D-06     6.442136728D-06
6.561895075D-06     6.501739215D-06
6.622604273D-06     6.561895075D-06
6.683911157D-06     6.622604273D-06
6.745726582D-06     6.683911157D-06
6.808186163D-06     6.745726582D-06
6.871152155D-06     6.808186163D-06
6.934716578D-06     6.871152155D-06
6.998880179D-06     6.934716578D-06
7.063643427D-06     6.998880179D-06
7.129006502D-06     7.063643427D-06
7.194969277D-06     7.129006502D-06
7.261584042D-06     7.194969277D-06
7.328745539D-06     7.261584042D-06
7.396559121D-06     7.328745539D-06
7.465026352D-06     7.396559121D-06
7.534091765D-06     7.465026352D-06
7.603811030D-06     7.534091765D-06
7.674125917D-06     7.603811030D-06
7.745153470D-06     7.674125917D-06
7.816835901D-06     7.745153470D-06
7.889172899D-06     7.816835901D-06
7.962163798D-06     7.889172899D-06
8.035807558D-06     7.962163798D-06
8.110168529D-06     8.035807558D-06
8.185181547D-06     8.110168529D-06
8.260980909D-06     8.185181547D-06
8.337363059D-06     8.260980909D-06
8.414533582D-06     8.337363059D-06
8.492424757D-06     8.414533582D-06
8.570963291D-06     8.492424757D-06
8.650294543D-06     8.570963291D-06
8.730345809D-06     8.650294543D-06
8.811116104D-06     8.730345809D-06
8.892604021D-06     8.811116104D-06
8.974888263D-06     8.892604021D-06
9.057971014D-06     8.974888263D-06
9.141770578D-06     9.057971014D-06
9.226368962D-06     9.141770578D-06
9.311680572D-06     9.226368962D-06
9.397877959D-06     9.311680572D-06
9.484876365D-06     9.397877959D-06
9.572584119D-06     9.484876365D-06
9.661182335D-06     9.572584119D-06
9.750580160D-06     9.661182335D-06
9.840776240D-06     9.750580160D-06
9.931867390D-06     9.840776240D-06
1.002375630D-05     9.931867390D-06
1.011654257D-05     1.002375630D-05
1.021012436D-05     1.011654257D-05
1.030460410D-05     1.021012436D-05
1.039987520D-05     1.030460410D-05
1.049615316D-05     1.039987520D-05
1.059322034D-05     1.049615316D-05
1.069129942D-05     1.059322034D-05
1.079016369D-05     1.069129942D-05
1.089004323D-05     1.079016369D-05
1.099082266D-05     1.089004323D-05
1.109250036D-05     1.099082266D-05
1.119519950D-05     1.109250036D-05
1.129879668D-05     1.119519950D-05
1.140328871D-05     1.129879668D-05
1.150880424D-05     1.140328871D-05
1.161534620D-05     1.150880424D-05
1.172277971D-05     1.161534620D-05
1.183123920D-05     1.172277971D-05
1.194072623D-05     1.183123920D-05
1.205124188D-05     1.194072623D-05
1.216263881D-05     1.205124188D-05
1.227521021D-05     1.216263881D-05
1.238881043D-05     1.227521021D-05
1.250343845D-05     1.238881043D-05
1.261909269D-05     1.250343845D-05
1.273593316D-05     1.261909269D-05
1.285380087D-05     1.273593316D-05
1.297269248D-05     1.285380087D-05
1.309277541D-05     1.297269248D-05
1.321387986D-05     1.309277541D-05
1.333617838D-05     1.321387986D-05
1.345949365D-05     1.333617838D-05
1.358400348D-05     1.345949365D-05
1.370971059D-05     1.358400348D-05
1.383661722D-05     1.370971059D-05
1.396472510D-05     1.383661722D-05
1.409383677D-05     1.396472510D-05
1.422434639D-05     1.409383677D-05
1.435585288D-05     1.422434639D-05
1.448876396D-05     1.435585288D-05
1.462287603D-05     1.448876396D-05
1.475818710D-05     1.462287603D-05
1.489469451D-05     1.475818710D-05
1.503239481D-05     1.489469451D-05
1.517151397D-05     1.503239481D-05
1.531182532D-05     1.517151397D-05
1.545356205D-05     1.531182532D-05
1.559648767D-05     1.545356205D-05
1.574084276D-05     1.559648767D-05
1.588663299D-05     1.574084276D-05
1.603360644D-05     1.588663299D-05
1.618201531D-05     1.603360644D-05
1.633159674D-05     1.618201531D-05
1.648288253D-05     1.633159674D-05
1.663533678D-05     1.648288253D-05
1.678922803D-05     1.663533678D-05
1.694455741D-05     1.678922803D-05
1.710132535D-05     1.694455741D-05
1.725953158D-05     1.710132535D-05
1.741917503D-05     1.725953158D-05
1.758056293D-05     1.741917503D-05
1.774308020D-05     1.758056293D-05
1.790734738D-05     1.774308020D-05
1.807305127D-05     1.790734738D-05
1.824018678D-05     1.807305127D-05
1.840908673D-05     1.824018678D-05
1.857941772D-05     1.840908673D-05
1.875117195D-05     1.857941772D-05
1.892469862D-05     1.875117195D-05
1.910000764D-05     1.892469862D-05
1.927673683D-05     1.910000764D-05
1.945487442D-05     1.927673683D-05
1.963479285D-05     1.945487442D-05
1.981649922D-05     1.963479285D-05
2.000000000D-05     1.981649922D-05
0
0
0
0
0
0
0
0
0
0
0
0
0
0
0
0
0
0
0
0
0
0
0
0
0
0
0
0
0
0
0
0
0
0
0
0
0
0
0
0
0
0
0
0
0
0
0
0
0
0
0
0
0
0
0
0
0
0
0
0
0
0
0
0
0
0
0
0
0
0
0
0
0
0
0
0
0
0
0
0
0
0
0
0
0
0
0
0
0
0
0
0
0
0
0
0
0
0
0
0
0
0
0
0
0
0
0
0
0
0
0
0
0
0
0
0
0
0
0
0
0
0
0
0
0
0
0
0
0
0
0
0
0
0
0
0
0
0
0
0
0
0
0
0
0
0
0
0
0
0
0
0
0
0
0
0
0
0
0
0
0
0
0
0
0
0
0
0
0
0
0
0
0
0
0
0
0
0
0
0
0
0
0
0
0
0
0
0
0
0
0
0
0
0
0
0
0
0
0
0
0
0
0
0
0
0
0
0
0
0
0
0
0
0
0
0
0
0
0
0
0
0
0
0
0
0
0
0
0
0
0
0
0
0
0
0
0
0
0
0
0
0
0
0
0
0
0
0
0
0
0
0
0
0
0
0
0
0
0
0
0
0
0
0
0
0
0
0
0
0
0
0
0
0
0
0
0
0
0
0
0
0
0
0
0
0
0
0
0
0
0
0
0
0
0
0
0
0
0
0
0
0
0
0
0
0
0
0
0
0
0
0
0
0
0
0
0
0
0
0
0
0
0
0
0
0
0
0
0
0
0
0
0
0
0
0
0
0
0
0
0
0
0
0
0
0
0
0
0
0
0
0
0
0
0
0
0
0
0
0
0
0
0
0
0
0
0
0
0
0
0
0
0
0
0
0
0
0
0
0
0
0
0
0
0
0
0
0
0
0
0
0
0
0
0
0
0
0
0
0
0
0
0
0
0
0
0
0
0
0
0
0
0
0
0
0
0
0
0
0
0
0
0
0
0
0
0
0
0
0
0
0
0
0
0
0
0
0
0
0
0
0
0
0
0
0
0
0
0
0
0
0
0
0
0
0
0
0
0
0
0
0
0
0
0
0
0
0
0
0
0
0
0
0
0
0
0
0
0
0
0
0
0
0
0
0
0
0
0
0
0
0
0
0
0
0
0
0
0
0
0
0
0
0
0
0
0
0
0
0
0
0
0
0
0
0
0
0
0
0
0
0
0
0
0
0
0
0
0
0
0
0
0
0
0
0
0
0
0
0
0
0
0
0
0
0
0
0
0
0
0
0
0
0
0
0
0
0
0
0
0
0
0
0
0
0
0
0
0
0
0
0
0
0
0
0
0
0
0
0
0
0
0
0
0
0
0
0
0
0
0
0
0
0
0
0
0
0
0
1
1
1
1
1
1
1
1
1
1
1
1
1
1
1
1
1
1
1
1
1
1
1
1
1
1
1
1
1
1
1
1
1
1
1
1
1
1
1
1
1
1
1
1
1
1
1
1
1
1
1
1
1
1
1
1
1
1
1
1
1
1
1
1
1
1
1
1
1
1
1
1
1
1
1
1
1
1
1
1
1
1
1
1
1
1
1
1
1
1
1
1
1
1
1
1
1
1
1
1
1
1
1
1
1
1
1
1
1
1
1
1
1
1
1
1
1
1
1
1
1
1
1
1
1
1
1
1
1
1
1
1
1
1
1
1
1
1
1
1
1
1
1
1
1
1
1
1
1
1
1
1
1
1
1
1
1
1
1
1
1
1
1
1
1
1
1
1
1
1
1
1
1
1
1
1
1
1
1
1
1
1
1
1
1
1
1
1
1
1
1
1
1
1
1
1
1
1
1
1
1
1
1
1
1
1
1
1
1
1
1
1
1
1
1
1
1
1
1
1
1
1
1
1
1
1
1
1
1
1
1
1
1
1
1
1
1
1
1
1
1
1
1
1
1
1
1
1
1
1
1
1
1
1
1
1
1
1
1
1
1
1
1
1
1
1
1
1
1
1
1
1
1
1
1
1
1
1
1
1
1
1
1
1
1
1
1
1
1
1
1
1
1
1
1
1
1
1
1
1
1
1
1
1
1
1
1
1
1
1
1
1
1
1
1
1
1
1
1
1
1
1
1
1
1
1
1
1
1
1
1
1
1
1
1
1
1
1
1
1
1
1
1
1
1
1
1
1
1
1
1
1
1
1
1
1
1
1
1
1
1
1
1
1
1
1
1
1
1
1
1
1
1
1
1
1
1
1
1
1
1
1
1
1
1
1
1
1
1
1
1
1
1
1
1
1
1
1
1
1
1
n
-1
EOF