rm -f sp_sw_43_dsa_ar10bar_skel
prep_spec << EOF
sp_sw_43_dsa_ar10bar_skel
43
6
1
2
6
13
23
37
7
1 1
13 6
13 13
13 23
23 2
23 6
23 23
0
m
2.000000000E-07     3.000000000E-07
3.000000000E-07     3.450000000E-07
3.450000000E-07     3.850000000E-07
3.850000000E-07     4.200000000E-07
4.200000000E-07     4.500000000E-07
4.500000000E-07     5.000000000E-07
5.000000000E-07     5.500000000E-07
5.500000000E-07     6.100000000E-07
6.100000000E-07     6.900000000E-07
6.900000000E-07     8.700000000E-07
8.700000000E-07     9.000000000E-07
9.000000000E-07     9.200000000E-07
9.200000000E-07     1.000000000E-06
1.000000000E-06     1.080000000E-06
1.080000000E-06     1.100000000E-06
1.100000000E-06     1.120000000E-06
1.120000000E-06     1.160000000E-06
1.160000000E-06     1.200000000E-06
1.200000000E-06     1.240000000E-06
1.240000000E-06     1.300000000E-06
1.300000000E-06     1.340000000E-06
1.340000000E-06     1.420000000E-06
1.420000000E-06     1.460000000E-06
1.460000000E-06     1.490000000E-06
1.490000000E-06     1.520000000E-06
1.520000000E-06     1.560000000E-06
1.560000000E-06     1.600000000E-06
1.600000000E-06     1.620000000E-06
1.620000000E-06     1.680000000E-06
1.680000000E-06     1.800000000E-06
1.800000000E-06     1.940000000E-06
1.940000000E-06     2.000000000E-06
2.000000000E-06     2.100000000E-06
2.100000000E-06     2.140000000E-06
2.140000000E-06     2.500000000E-06
2.500000000E-06     2.650000000E-06
2.650000000E-06     2.850000000E-06
2.850000000E-06     3.150000000E-06
3.150000000E-06     3.600000000E-06
3.600000000E-06     4.100000000E-06
4.100000000E-06     4.600000000E-06
4.600000000E-06     5.500000000E-06
5.500000000E-06     2.000000000E-05
0
0
0
0
0
0
0
0
0
0
0
0
0
0
0
0
0
0
0
0
0
0
0
0
0
0
0
0
0
0
0
0
0
0
0
0
0
0
0
0
0
0
0
0
0
0
0
0
0
0
0
0
0
0
0
0
0
0
0
0
0
0
0
0
0
0
0
0
0
0
0
0
0
0
0
0
0
0
0
0
0
0
0
0
0
0
n
-1
EOF
