rm -f sp_sw_14_dsa_titan_skel
prep_spec << EOF
sp_sw_14_dsa_titan_skel
14
3
6
13
23
3
13 6
13 13
13 23
0
m
2.000000000E-07     3.000000000E-07
3.000000000E-07     3.500000000E-07
3.500000000E-07     4.000000000E-07
4.000000000E-07     4.700000000E-07
4.700000000E-07     5.500000000E-07
5.500000000E-07     8.600000000E-07
8.600000000E-07     9.200000000E-07
9.200000000E-07     1.080000000E-06
1.080000000E-06     1.190000000E-06
1.190000000E-06     1.660000000E-06
1.660000000E-06     2.380000000E-06
2.380000000E-06     4.000000000E-06
4.000000000E-06     5.000000000E-06
5.000000000E-06     1.000000000E-05
0
0
0
0
0
0
0
0
0
0
0
0
0
0
0
0
0
0
0
0
0
0
0
0
0
0
0
0
n
-1
EOF
