rm -f sp_sw_21_dsa_skel
prep_spec <<\EOF
sp_sw_21_dsa_skel
21
8
1
2
3
4
6
7
9
25
1
1 1
0
m
2.000000000E-07     3.200000000E-07
3.200000000E-07     5.050000000E-07
5.050000000E-07     6.900000000E-07
6.900000000E-07     7.700000000E-07
7.700000000E-07     8.900000000E-07
8.900000000E-07     9.800000000E-07
9.800000000E-07     1.040000000E-06
1.040000000E-06     1.100000000E-06
1.100000000E-06     1.160000000E-06
1.160000000E-06     1.240000000E-06
1.240000000E-06     1.340000000E-06
1.340000000E-06     1.420000000E-06
1.420000000E-06     1.520000000E-06
1.520000000E-06     1.620000000E-06
1.620000000E-06     1.800000000E-06
1.800000000E-06     1.960000000E-06
1.960000000E-06     2.380000000E-06
2.380000000E-06     2.950000000E-06
2.950000000E-06     4.100000000E-06
4.100000000E-06     4.500000000E-06
4.500000000E-06     2.000000000E-05
0
0
0
0
0
0
0
0
0
0
0
0
0
0
0
0
0
0
0
0
0
0
0
0
0
0
0
0
0
0
0
0
0
0
0
0
0
0
0
0
0
0
n
-1
EOF
