#!/bin/bash

SP_SKEL="sp_sw_18_dsa_arva_skel"
rm -f ${SP_SKEL}

prep_spec << EOF
${SP_SKEL}
18
6
1
2
4
6
13
37
2
1 1
2 2
0
m
2.000000000E-07     3.200000000E-07
3.200000000E-07     5.050000000E-07
5.050000000E-07     6.900000000E-07
6.900000000E-07     1.200000000E-06
1.200000000E-06     1.240000000E-06
1.240000000E-06     1.420000000E-06
1.420000000E-06     1.460000000E-06
1.460000000E-06     1.520000000E-06
1.520000000E-06     1.680000000E-06
1.680000000E-06     1.780000000E-06
1.780000000E-06     1.940000000E-06
1.940000000E-06     2.000000000E-06
2.000000000E-06     2.100000000E-06
2.100000000E-06     2.320000000E-06
2.320000000E-06     2.650000000E-06
2.650000000E-06     2.850000000E-06
2.850000000E-06     3.050000000E-06
3.050000000E-06     2.000000000E-05
0
0
0
0
0
0
0
0
0
0
0
0
0
0
0
0
0
0
0
0
0
0
0
0
0
0
0
0
0
0
0
0
0
0
0
0
n
-1
EOF
