*BLOCK: TYPE =    0: SUBTYPE =    0: VERSION =    2
Summary of spectral data.
Number of spectral bands =   280
Total number of gaseous absorbers =     6
Total number of aerosols =     0
Total number of generalised continua =     2
List of indexing numbers and absorbers.
Index       Absorber(identifier and name)
    1           1       Water Vapour        
    2           2       Carbon Dioxide      
    3           4       Dinitrogen Oxide    
    4           6       Methane             
    5          13       Nitrogen            
    6          37       Argon               
Listing of continuum indexing numbers and gases.
Index     Gas 1(index and name)              Gas 2(index and name)
    1         1     Water Vapour                 1     Water Vapour        
    2         2     Carbon Dioxide               2     Carbon Dioxide      
List of indexing numbers of aerosols.
Index       Aerosol(type number and name)
*END
*BLOCK: TYPE =    1: SUBTYPE =    0: VERSION =    0
Specification of spectral intervals
Limits of spectral intervals (wavelengths in m.)
Band        Lower limit         Upper limit
    1        1.750000000E-07     1.800000000E-07
    2        1.800000000E-07     1.850000000E-07
    3        1.850000000E-07     1.900000000E-07
    4        1.900000000E-07     1.950000000E-07
    5        1.950000000E-07     2.000000000E-07
    6        2.000000000E-07     2.050000000E-07
    7        2.050000000E-07     2.100000000E-07
    8        2.100000000E-07     2.150000000E-07
    9        2.150000000E-07     2.200000000E-07
   10        2.200000000E-07     2.250000000E-07
   11        2.250000000E-07     2.300000000E-07
   12        2.300000000E-07     2.350000000E-07
   13        2.350000000E-07     2.400000000E-07
   14        2.400000000E-07     2.450000000E-07
   15        2.450000000E-07     2.500000000E-07
   16        2.500000000E-07     2.550000000E-07
   17        2.550000000E-07     2.600000000E-07
   18        2.600000000E-07     2.650000000E-07
   19        2.650000000E-07     2.700000000E-07
   20        2.700000000E-07     2.750000000E-07
   21        2.750000000E-07     2.800000000E-07
   22        2.800000000E-07     2.850000000E-07
   23        2.850000000E-07     2.900000000E-07
   24        2.900000000E-07     2.950000000E-07
   25        2.950000000E-07     3.000000000E-07
   26        3.000000000E-07     3.050000000E-07
   27        3.050000000E-07     3.100000000E-07
   28        3.100000000E-07     3.150000000E-07
   29        3.150000000E-07     3.200000000E-07
   30        3.200000000E-07     3.250000000E-07
   31        3.250000000E-07     3.300000000E-07
   32        3.300000000E-07     3.350000000E-07
   33        3.350000000E-07     3.400000000E-07
   34        3.400000000E-07     3.450000000E-07
   35        3.450000000E-07     3.500000000E-07
   36        3.500000000E-07     3.550000000E-07
   37        3.550000000E-07     3.600000000E-07
   38        3.600000000E-07     3.650000000E-07
   39        3.650000000E-07     3.700000000E-07
   40        3.700000000E-07     3.750000000E-07
   41        3.750000000E-07     3.800000000E-07
   42        3.800000000E-07     3.850000000E-07
   43        3.850000000E-07     3.900000000E-07
   44        3.900000000E-07     3.950000000E-07
   45        3.950000000E-07     4.000000000E-07
   46        4.000000000E-07     4.050000000E-07
   47        4.050000000E-07     4.100000000E-07
   48        4.100000000E-07     4.150000000E-07
   49        4.150000000E-07     4.200000000E-07
   50        4.200000000E-07     4.250000000E-07
   51        4.250000000E-07     4.300000000E-07
   52        4.300000000E-07     4.350000000E-07
   53        4.350000000E-07     4.400000000E-07
   54        4.400000000E-07     4.450000000E-07
   55        4.450000000E-07     4.500000000E-07
   56        4.500000000E-07     4.550000000E-07
   57        4.550000000E-07     4.600000000E-07
   58        4.600000000E-07     4.650000000E-07
   59        4.650000000E-07     4.700000000E-07
   60        4.700000000E-07     4.750000000E-07
   61        4.750000000E-07     4.800000000E-07
   62        4.800000000E-07     4.850000000E-07
   63        4.850000000E-07     4.900000000E-07
   64        4.900000000E-07     4.950000000E-07
   65        4.950000000E-07     5.000000000E-07
   66        5.000000000E-07     5.050000000E-07
   67        5.050000000E-07     5.100000000E-07
   68        5.100000000E-07     5.150000000E-07
   69        5.150000000E-07     5.200000000E-07
   70        5.200000000E-07     5.250000000E-07
   71        5.250000000E-07     5.300000000E-07
   72        5.300000000E-07     5.350000000E-07
   73        5.350000000E-07     5.400000000E-07
   74        5.400000000E-07     5.450000000E-07
   75        5.450000000E-07     5.500000000E-07
   76        5.500000000E-07     5.550000000E-07
   77        5.550000000E-07     5.600000000E-07
   78        5.600000000E-07     5.650000000E-07
   79        5.650000000E-07     5.700000000E-07
   80        5.700000000E-07     5.750000000E-07
   81        5.750000000E-07     5.800000000E-07
   82        5.800000000E-07     5.850000000E-07
   83        5.850000000E-07     5.900000000E-07
   84        5.900000000E-07     5.950000000E-07
   85        5.950000000E-07     6.000000000E-07
   86        6.000000000E-07     6.050000000E-07
   87        6.050000000E-07     6.100000000E-07
   88        6.100000000E-07     6.150000000E-07
   89        6.150000000E-07     6.200000000E-07
   90        6.200000000E-07     6.250000000E-07
   91        6.250000000E-07     6.300000000E-07
   92        6.300000000E-07     6.350000000E-07
   93        6.350000000E-07     6.400000000E-07
   94        6.400000000E-07     6.450000000E-07
   95        6.450000000E-07     6.500000000E-07
   96        6.500000000E-07     6.550000000E-07
   97        6.550000000E-07     6.600000000E-07
   98        6.600000000E-07     6.650000000E-07
   99        6.650000000E-07     6.700000000E-07
  100        6.700000000E-07     6.750000000E-07
  101        6.750000000E-07     6.800000000E-07
  102        6.800000000E-07     6.850000000E-07
  103        6.850000000E-07     6.900000000E-07
  104        6.900000000E-07     6.950000000E-07
  105        6.950000000E-07     7.000000000E-07
  106        7.000000000E-07     7.100000000E-07
  107        7.100000000E-07     7.200000000E-07
  108        7.200000000E-07     7.300000000E-07
  109        7.300000000E-07     7.400000000E-07
  110        7.400000000E-07     7.500000000E-07
  111        7.500000000E-07     7.600000000E-07
  112        7.600000000E-07     7.700000000E-07
  113        7.700000000E-07     7.800000000E-07
  114        7.800000000E-07     7.900000000E-07
  115        7.900000000E-07     8.000000000E-07
  116        8.000000000E-07     8.100000000E-07
  117        8.100000000E-07     8.200000000E-07
  118        8.200000000E-07     8.300000000E-07
  119        8.300000000E-07     8.400000000E-07
  120        8.400000000E-07     8.500000000E-07
  121        8.500000000E-07     8.600000000E-07
  122        8.600000000E-07     8.700000000E-07
  123        8.700000000E-07     8.800000000E-07
  124        8.800000000E-07     8.900000000E-07
  125        8.900000000E-07     9.000000000E-07
  126        9.000000000E-07     9.100000000E-07
  127        9.100000000E-07     9.200000000E-07
  128        9.200000000E-07     9.300000000E-07
  129        9.300000000E-07     9.400000000E-07
  130        9.400000000E-07     9.500000000E-07
  131        9.500000000E-07     9.600000000E-07
  132        9.600000000E-07     9.700000000E-07
  133        9.700000000E-07     9.800000000E-07
  134        9.800000000E-07     9.900000000E-07
  135        9.900000000E-07     1.000000000E-06
  136        1.000000000E-06     1.010000000E-06
  137        1.010000000E-06     1.020000000E-06
  138        1.020000000E-06     1.030000000E-06
  139        1.030000000E-06     1.040000000E-06
  140        1.040000000E-06     1.050000000E-06
  141        1.050000000E-06     1.060000000E-06
  142        1.060000000E-06     1.070000000E-06
  143        1.070000000E-06     1.080000000E-06
  144        1.080000000E-06     1.090000000E-06
  145        1.090000000E-06     1.100000000E-06
  146        1.100000000E-06     1.110000000E-06
  147        1.110000000E-06     1.120000000E-06
  148        1.120000000E-06     1.130000000E-06
  149        1.130000000E-06     1.140000000E-06
  150        1.140000000E-06     1.150000000E-06
  151        1.150000000E-06     1.160000000E-06
  152        1.160000000E-06     1.170000000E-06
  153        1.170000000E-06     1.180000000E-06
  154        1.180000000E-06     1.190000000E-06
  155        1.190000000E-06     1.200000000E-06
  156        1.200000000E-06     1.220000000E-06
  157        1.220000000E-06     1.240000000E-06
  158        1.240000000E-06     1.260000000E-06
  159        1.260000000E-06     1.280000000E-06
  160        1.280000000E-06     1.300000000E-06
  161        1.300000000E-06     1.320000000E-06
  162        1.320000000E-06     1.340000000E-06
  163        1.340000000E-06     1.360000000E-06
  164        1.360000000E-06     1.380000000E-06
  165        1.380000000E-06     1.400000000E-06
  166        1.400000000E-06     1.420000000E-06
  167        1.420000000E-06     1.440000000E-06
  168        1.440000000E-06     1.460000000E-06
  169        1.460000000E-06     1.480000000E-06
  170        1.480000000E-06     1.500000000E-06
  171        1.500000000E-06     1.520000000E-06
  172        1.520000000E-06     1.540000000E-06
  173        1.540000000E-06     1.560000000E-06
  174        1.560000000E-06     1.580000000E-06
  175        1.580000000E-06     1.600000000E-06
  176        1.600000000E-06     1.620000000E-06
  177        1.620000000E-06     1.640000000E-06
  178        1.640000000E-06     1.660000000E-06
  179        1.660000000E-06     1.680000000E-06
  180        1.680000000E-06     1.700000000E-06
  181        1.700000000E-06     1.720000000E-06
  182        1.720000000E-06     1.740000000E-06
  183        1.740000000E-06     1.760000000E-06
  184        1.760000000E-06     1.780000000E-06
  185        1.780000000E-06     1.800000000E-06
  186        1.800000000E-06     1.820000000E-06
  187        1.820000000E-06     1.840000000E-06
  188        1.840000000E-06     1.860000000E-06
  189        1.860000000E-06     1.880000000E-06
  190        1.880000000E-06     1.900000000E-06
  191        1.900000000E-06     1.920000000E-06
  192        1.920000000E-06     1.940000000E-06
  193        1.940000000E-06     1.960000000E-06
  194        1.960000000E-06     1.980000000E-06
  195        1.980000000E-06     2.000000000E-06
  196        2.000000000E-06     2.020000000E-06
  197        2.020000000E-06     2.040000000E-06
  198        2.040000000E-06     2.060000000E-06
  199        2.060000000E-06     2.080000000E-06
  200        2.080000000E-06     2.100000000E-06
  201        2.100000000E-06     2.120000000E-06
  202        2.120000000E-06     2.140000000E-06
  203        2.140000000E-06     2.160000000E-06
  204        2.160000000E-06     2.180000000E-06
  205        2.180000000E-06     2.200000000E-06
  206        2.200000000E-06     2.220000000E-06
  207        2.220000000E-06     2.240000000E-06
  208        2.240000000E-06     2.260000000E-06
  209        2.260000000E-06     2.280000000E-06
  210        2.280000000E-06     2.300000000E-06
  211        2.300000000E-06     2.320000000E-06
  212        2.320000000E-06     2.340000000E-06
  213        2.340000000E-06     2.360000000E-06
  214        2.360000000E-06     2.380000000E-06
  215        2.380000000E-06     2.400000000E-06
  216        2.400000000E-06     2.450000000E-06
  217        2.450000000E-06     2.500000000E-06
  218        2.500000000E-06     2.550000000E-06
  219        2.550000000E-06     2.600000000E-06
  220        2.600000000E-06     2.650000000E-06
  221        2.650000000E-06     2.700000000E-06
  222        2.700000000E-06     2.750000000E-06
  223        2.750000000E-06     2.800000000E-06
  224        2.800000000E-06     2.850000000E-06
  225        2.850000000E-06     2.900000000E-06
  226        2.900000000E-06     2.950000000E-06
  227        2.950000000E-06     3.000000000E-06
  228        3.000000000E-06     3.050000000E-06
  229        3.050000000E-06     3.100000000E-06
  230        3.100000000E-06     3.150000000E-06
  231        3.150000000E-06     3.200000000E-06
  232        3.200000000E-06     3.250000000E-06
  233        3.250000000E-06     3.300000000E-06
  234        3.300000000E-06     3.400000000E-06
  235        3.400000000E-06     3.500000000E-06
  236        3.500000000E-06     3.600000000E-06
  237        3.600000000E-06     3.700000000E-06
  238        3.700000000E-06     3.800000000E-06
  239        3.800000000E-06     3.900000000E-06
  240        3.900000000E-06     4.000000000E-06
  241        4.000000000E-06     4.100000000E-06
  242        4.100000000E-06     4.200000000E-06
  243        4.200000000E-06     4.300000000E-06
  244        4.300000000E-06     4.400000000E-06
  245        4.400000000E-06     4.500000000E-06
  246        4.500000000E-06     4.600000000E-06
  247        4.600000000E-06     4.700000000E-06
  248        4.700000000E-06     4.800000000E-06
  249        4.800000000E-06     4.900000000E-06
  250        4.900000000E-06     5.000000000E-06
  251        5.000000000E-06     5.500000000E-06
  252        5.500000000E-06     6.000000000E-06
  253        6.000000000E-06     6.500000000E-06
  254        6.500000000E-06     7.000000000E-06
  255        7.000000000E-06     7.500000000E-06
  256        7.500000000E-06     8.000000000E-06
  257        8.000000000E-06     8.500000000E-06
  258        8.500000000E-06     9.000000000E-06
  259        9.000000000E-06     9.500000000E-06
  260        9.500000000E-06     1.000000000E-05
  261        1.000000000E-05     1.050000000E-05
  262        1.050000000E-05     1.100000000E-05
  263        1.100000000E-05     1.150000000E-05
  264        1.150000000E-05     1.200000000E-05
  265        1.200000000E-05     1.250000000E-05
  266        1.250000000E-05     1.300000000E-05
  267        1.300000000E-05     1.350000000E-05
  268        1.350000000E-05     1.400000000E-05
  269        1.400000000E-05     1.450000000E-05
  270        1.450000000E-05     1.500000000E-05
  271        1.500000000E-05     1.550000000E-05
  272        1.550000000E-05     1.600000000E-05
  273        1.600000000E-05     1.650000000E-05
  274        1.650000000E-05     1.700000000E-05
  275        1.700000000E-05     1.750000000E-05
  276        1.750000000E-05     1.800000000E-05
  277        1.800000000E-05     1.850000000E-05
  278        1.850000000E-05     1.900000000E-05
  279        1.900000000E-05     1.950000000E-05
  280        1.950000000E-05     2.000000000E-05
*END
*BLOCK: TYPE =    4: SUBTYPE =    0: VERSION =    0
Gaseous absorbers in each interval
(The number is the indexing number of the species as set out
 in the summary block 0.)
A zero indicates that there in no gaseous absorption in the interval.
Band        Number of active absorbers followed by indexing numbers
    1           0
    2           0
    3           0
    4           0
    5           0
    6           0
    7           0
    8           0
    9           0
   10           0
   11           0
   12           0
   13           0
   14           0
   15           0
   16           0
   17           0
   18           0
   19           0
   20           0
   21           0
   22           0
   23           0
   24           0
   25           0
   26           0
   27           0
   28           0
   29           0
   30           0
   31           0
   32           0
   33           0
   34           0
   35           0
   36           0
   37           0
   38           0
   39           0
   40           0
   41           0
   42           0
   43           0
   44           0
   45           0
   46           0
   47           0
   48           0
   49           0
   50           0
   51           0
   52           0
   53           0
   54           0
   55           0
   56           0
   57           0
   58           0
   59           0
   60           0
   61           0
   62           0
   63           0
   64           0
   65           0
   66           0
   67           0
   68           0
   69           0
   70           0
   71           0
   72           0
   73           0
   74           0
   75           0
   76           0
   77           0
   78           0
   79           0
   80           0
   81           0
   82           0
   83           0
   84           0
   85           0
   86           0
   87           0
   88           0
   89           0
   90           0
   91           0
   92           0
   93           0
   94           0
   95           0
   96           0
   97           0
   98           0
   99           0
  100           0
  101           0
  102           0
  103           0
  104           0
  105           0
  106           0
  107           0
  108           0
  109           0
  110           0
  111           0
  112           0
  113           0
  114           0
  115           0
  116           0
  117           0
  118           0
  119           0
  120           0
  121           0
  122           0
  123           0
  124           0
  125           0
  126           0
  127           0
  128           0
  129           0
  130           0
  131           0
  132           0
  133           0
  134           0
  135           0
  136           0
  137           0
  138           0
  139           0
  140           0
  141           0
  142           0
  143           0
  144           0
  145           0
  146           0
  147           0
  148           0
  149           0
  150           0
  151           0
  152           0
  153           0
  154           0
  155           0
  156           0
  157           0
  158           0
  159           0
  160           0
  161           0
  162           0
  163           0
  164           0
  165           0
  166           0
  167           0
  168           0
  169           0
  170           0
  171           0
  172           0
  173           0
  174           0
  175           0
  176           0
  177           0
  178           0
  179           0
  180           0
  181           0
  182           0
  183           0
  184           0
  185           0
  186           0
  187           0
  188           0
  189           0
  190           0
  191           0
  192           0
  193           0
  194           0
  195           0
  196           0
  197           0
  198           0
  199           0
  200           0
  201           0
  202           0
  203           0
  204           0
  205           0
  206           0
  207           0
  208           0
  209           0
  210           0
  211           0
  212           0
  213           0
  214           0
  215           0
  216           0
  217           0
  218           0
  219           0
  220           0
  221           0
  222           0
  223           0
  224           0
  225           0
  226           0
  227           0
  228           0
  229           0
  230           0
  231           0
  232           0
  233           0
  234           0
  235           0
  236           0
  237           0
  238           0
  239           0
  240           0
  241           0
  242           0
  243           0
  244           0
  245           0
  246           0
  247           0
  248           0
  249           0
  250           0
  251           0
  252           0
  253           0
  254           0
  255           0
  256           0
  257           0
  258           0
  259           0
  260           0
  261           0
  262           0
  263           0
  264           0
  265           0
  266           0
  267           0
  268           0
  269           0
  270           0
  271           0
  272           0
  273           0
  274           0
  275           0
  276           0
  277           0
  278           0
  279           0
  280           0
*END
*BLOCK: TYPE =    8: SUBTYPE =    0: VERSION =    0
Continuum absorbers in each interval
(The number is the indexing number of each type as set out
 in the module rad_pcf.)
A zero indicates that there is no continuum absorption in the interval.
Band         Number of active continua followed by indexing numbers
    1           0
    2           0
    3           0
    4           0
    5           0
    6           0
    7           0
    8           0
    9           0
   10           0
   11           0
   12           0
   13           0
   14           0
   15           0
   16           0
   17           0
   18           0
   19           0
   20           0
   21           0
   22           0
   23           0
   24           0
   25           0
   26           0
   27           0
   28           0
   29           0
   30           0
   31           0
   32           0
   33           0
   34           0
   35           0
   36           0
   37           0
   38           0
   39           0
   40           0
   41           0
   42           0
   43           0
   44           0
   45           0
   46           0
   47           0
   48           0
   49           0
   50           0
   51           0
   52           0
   53           0
   54           0
   55           0
   56           0
   57           0
   58           0
   59           0
   60           0
   61           0
   62           0
   63           0
   64           0
   65           0
   66           0
   67           0
   68           0
   69           0
   70           0
   71           0
   72           0
   73           0
   74           0
   75           0
   76           0
   77           0
   78           0
   79           0
   80           0
   81           0
   82           0
   83           0
   84           0
   85           0
   86           0
   87           0
   88           0
   89           0
   90           0
   91           0
   92           0
   93           0
   94           0
   95           0
   96           0
   97           0
   98           0
   99           0
  100           0
  101           0
  102           0
  103           0
  104           0
  105           0
  106           0
  107           0
  108           0
  109           0
  110           0
  111           0
  112           0
  113           0
  114           0
  115           0
  116           0
  117           0
  118           0
  119           0
  120           0
  121           0
  122           0
  123           0
  124           0
  125           0
  126           0
  127           0
  128           0
  129           0
  130           0
  131           0
  132           0
  133           0
  134           0
  135           0
  136           0
  137           0
  138           0
  139           0
  140           0
  141           0
  142           0
  143           0
  144           0
  145           0
  146           0
  147           0
  148           0
  149           0
  150           0
  151           0
  152           0
  153           0
  154           0
  155           0
  156           0
  157           0
  158           0
  159           0
  160           0
  161           0
  162           0
  163           0
  164           0
  165           0
  166           0
  167           0
  168           0
  169           0
  170           0
  171           0
  172           0
  173           0
  174           0
  175           0
  176           0
  177           0
  178           0
  179           0
  180           0
  181           0
  182           0
  183           0
  184           0
  185           0
  186           0
  187           0
  188           0
  189           0
  190           0
  191           0
  192           0
  193           0
  194           0
  195           0
  196           0
  197           0
  198           0
  199           0
  200           0
  201           0
  202           0
  203           0
  204           0
  205           0
  206           0
  207           0
  208           0
  209           0
  210           0
  211           0
  212           0
  213           0
  214           0
  215           0
  216           0
  217           0
  218           0
  219           0
  220           0
  221           0
  222           0
  223           0
  224           0
  225           0
  226           0
  227           0
  228           0
  229           0
  230           0
  231           0
  232           0
  233           0
  234           0
  235           0
  236           0
  237           0
  238           0
  239           0
  240           0
  241           0
  242           0
  243           0
  244           0
  245           0
  246           0
  247           0
  248           0
  249           0
  250           0
  251           0
  252           0
  253           0
  254           0
  255           0
  256           0
  257           0
  258           0
  259           0
  260           0
  261           0
  262           0
  263           0
  264           0
  265           0
  266           0
  267           0
  268           0
  269           0
  270           0
  271           0
  272           0
  273           0
  274           0
  275           0
  276           0
  277           0
  278           0
  279           0
  280           0
Indexing numbers of gases for continua:
     Index of water =     1
*END
*BLOCK: TYPE =   18: SUBTYPE =    0: VERSION =    0
Generalised continua in each interval
(The number is the indexing number of the continuum as set out
 in the summary block 0.)
A zero indicates that there in no generalised continuum absorption in the interval.
Band        Number of active continua, flag for continuum being major absorber,
            followed by indexing numbers
    1           0           F
    2           0           F
    3           0           F
    4           0           F
    5           0           F
    6           0           F
    7           0           F
    8           0           F
    9           0           F
   10           0           F
   11           0           F
   12           0           F
   13           0           F
   14           0           F
   15           0           F
   16           0           F
   17           0           F
   18           0           F
   19           0           F
   20           0           F
   21           0           F
   22           0           F
   23           0           F
   24           0           F
   25           0           F
   26           0           F
   27           0           F
   28           0           F
   29           0           F
   30           0           F
   31           0           F
   32           0           F
   33           0           F
   34           0           F
   35           0           F
   36           0           F
   37           0           F
   38           0           F
   39           0           F
   40           0           F
   41           0           F
   42           0           F
   43           0           F
   44           0           F
   45           0           F
   46           0           F
   47           0           F
   48           0           F
   49           0           F
   50           0           F
   51           0           F
   52           0           F
   53           0           F
   54           0           F
   55           0           F
   56           0           F
   57           0           F
   58           0           F
   59           0           F
   60           0           F
   61           0           F
   62           0           F
   63           0           F
   64           0           F
   65           0           F
   66           0           F
   67           0           F
   68           0           F
   69           0           F
   70           0           F
   71           0           F
   72           0           F
   73           0           F
   74           0           F
   75           0           F
   76           0           F
   77           0           F
   78           0           F
   79           0           F
   80           0           F
   81           0           F
   82           0           F
   83           0           F
   84           0           F
   85           0           F
   86           0           F
   87           0           F
   88           0           F
   89           0           F
   90           0           F
   91           0           F
   92           0           F
   93           0           F
   94           0           F
   95           0           F
   96           0           F
   97           0           F
   98           0           F
   99           0           F
  100           0           F
  101           0           F
  102           0           F
  103           0           F
  104           0           F
  105           0           F
  106           0           F
  107           0           F
  108           0           F
  109           0           F
  110           0           F
  111           0           F
  112           0           F
  113           0           F
  114           0           F
  115           0           F
  116           0           F
  117           0           F
  118           0           F
  119           0           F
  120           0           F
  121           0           F
  122           0           F
  123           0           F
  124           0           F
  125           0           F
  126           0           F
  127           0           F
  128           0           F
  129           0           F
  130           0           F
  131           0           F
  132           0           F
  133           0           F
  134           0           F
  135           0           F
  136           0           F
  137           0           F
  138           0           F
  139           0           F
  140           0           F
  141           0           F
  142           0           F
  143           0           F
  144           0           F
  145           0           F
  146           0           F
  147           0           F
  148           0           F
  149           0           F
  150           0           F
  151           0           F
  152           0           F
  153           0           F
  154           0           F
  155           0           F
  156           0           F
  157           0           F
  158           0           F
  159           0           F
  160           0           F
  161           0           F
  162           0           F
  163           0           F
  164           0           F
  165           0           F
  166           0           F
  167           0           F
  168           0           F
  169           0           F
  170           0           F
  171           0           F
  172           0           F
  173           0           F
  174           0           F
  175           0           F
  176           0           F
  177           0           F
  178           0           F
  179           0           F
  180           0           F
  181           0           F
  182           0           F
  183           0           F
  184           0           F
  185           0           F
  186           0           F
  187           0           F
  188           0           F
  189           0           F
  190           0           F
  191           0           F
  192           0           F
  193           0           F
  194           0           F
  195           0           F
  196           0           F
  197           0           F
  198           0           F
  199           0           F
  200           0           F
  201           0           F
  202           0           F
  203           0           F
  204           0           F
  205           0           F
  206           0           F
  207           0           F
  208           0           F
  209           0           F
  210           0           F
  211           0           F
  212           0           F
  213           0           F
  214           0           F
  215           0           F
  216           0           F
  217           0           F
  218           0           F
  219           0           F
  220           0           F
  221           0           F
  222           0           F
  223           0           F
  224           0           F
  225           0           F
  226           0           F
  227           0           F
  228           0           F
  229           0           F
  230           0           F
  231           0           F
  232           0           F
  233           0           F
  234           0           F
  235           0           F
  236           0           F
  237           0           F
  238           0           F
  239           0           F
  240           0           F
  241           0           F
  242           0           F
  243           0           F
  244           0           F
  245           0           F
  246           0           F
  247           0           F
  248           0           F
  249           0           F
  250           0           F
  251           0           F
  252           0           F
  253           0           F
  254           0           F
  255           0           F
  256           0           F
  257           0           F
  258           0           F
  259           0           F
  260           0           F
  261           0           F
  262           0           F
  263           0           F
  264           0           F
  265           0           F
  266           0           F
  267           0           F
  268           0           F
  269           0           F
  270           0           F
  271           0           F
  272           0           F
  273           0           F
  274           0           F
  275           0           F
  276           0           F
  277           0           F
  278           0           F
  279           0           F
  280           0           F
*END
