rm -f sp_lw_12_dsa_skel
prep_spec <<EOF
sp_lw_12_dsa_skel
12
12
1
2
3
4
6
9
14
15
16
17
19
25
1
1 1
0
c
4.000000000E+02     1.000000000E+00
5.500000000E+02     4.000000000E+02
5.900000000E+02     5.500000000E+02
7.500000000E+02     5.900000000E+02
8.000000000E+02     7.500000000E+02
9.900000000E+02     8.000000000E+02
1.120000000E+03     9.900000000E+02
1.230000000E+03     1.120000000E+03
1.330000000E+03     1.230000000E+03
1.500000000E+03     1.330000000E+03
2.020000000E+03     1.500000000E+03
3.000000000E+03     2.020000000E+03
0
0
0
0
0
0
0
0
0
0
0
0
0
0
0
0
0
0
0
0
0
0
0
0
n
-1
EOF
