rm -f sp_lw_15_dsa_ar10bar_skel
prep_spec <<EOF
sp_lw_15_dsa_ar10bar_skel
15
5
1
2
6
13
23
7
1 1
13 6
13 13
13 23
23 2
23 6
23 23
0
c
2.300000000E+02     1.000000000E+00
4.000000000E+02     2.300000000E+02
5.500000000E+02     4.000000000E+02
5.900000000E+02     5.500000000E+02
7.500000000E+02     5.900000000E+02
8.000000000E+02     7.500000000E+02
9.900000000E+02     8.000000000E+02
1.120000000E+03     9.900000000E+02
1.200000000E+03     1.120000000E+03
1.310000000E+03     1.200000000E+03
1.410000000E+03     1.310000000E+03
1.860000000E+03     1.410000000E+03
2.190000000E+03     1.860000000E+03
2.410000000E+03     2.190000000E+03
3.000000000E+03     2.410000000E+03
0
0
0
0
0
0
0
0
0
0
0
0
0
0
0
0
0
0
0
0
0
0
0
0
0
0
0
0
0
0
n
-1
EOF
