# This script creates a basic skeleton 34 band spectral file.

rm -f sp_sw_35_dsa_arcc_skel

prep_spec << EOF
sp_sw_35_dsa_arcc_skel
35
5
1
2
6
13
37
2
1 1
2 2
0
m
2.000000000E-07     3.850000000E-07
3.850000000E-07     5.000000000E-07
5.000000000E-07     6.900000000E-07
6.900000000E-07     8.700000000E-07
8.700000000E-07     9.000000000E-07
9.000000000E-07     1.080000000E-06
1.080000000E-06     1.120000000E-06
1.120000000E-06     1.160000000E-06
1.160000000E-06     1.200000000E-06
1.200000000E-06     1.240000000E-06
1.240000000E-06     1.300000000E-06
1.300000000E-06     1.340000000E-06
1.340000000E-06     1.420000000E-06
1.420000000E-06     1.460000000E-06
1.460000000E-06     1.520000000E-06
1.520000000E-06     1.560000000E-06
1.560000000E-06     1.620000000E-06
1.620000000E-06     1.680000000E-06
1.680000000E-06     1.800000000E-06
1.800000000E-06     1.940000000E-06
1.940000000E-06     2.000000000E-06
2.000000000E-06     2.140000000E-06
2.140000000E-06     2.200000000E-06
2.200000000E-06     2.360000000E-06
2.360000000E-06     2.500000000E-06
2.500000000E-06     2.650000000E-06
2.650000000E-06     2.850000000E-06
2.850000000E-06     3.150000000E-06
3.150000000E-06     3.600000000E-06
3.600000000E-06     3.900000000E-06
3.900000000E-06     4.100000000E-06
4.100000000E-06     4.600000000E-06
4.600000000E-06     5.000000000E-06
5.000000000E-06     7.500000000E-06
7.500000000E-06     2.000000000E-05
0
0
0
0
0
0
0
0
0
0
0
0
0
0
0
0
0
0
0
0
0
0
0
0
0
0
0
0
0
0
0
0
0
0
0
0
0
0
0
0
0
0
0
0
0
0
0
0
0
0
0
0
0
0
0
0
0
0
0
0
0
0
0
0
0
0
0
0
0
0
n
-1
EOF
