rm -f sp_lw_12_dsa_ar_skel
prep_spec <<EOF
sp_lw_12_dsa_ar_skel
12
3
1
2
6
1
1 1
0
c
4.000000000E+02     1.000000000E+00
5.500000000E+02     4.000000000E+02
8.000000000E+02     5.500000000E+02
7.500000000E+02     5.900000000E+02
9.900000000E+02     8.000000000E+02
1.120000000E+03     9.900000000E+02
1.200000000E+03     1.120000000E+03
1.310000000E+03     1.200000000E+03
1.410000000E+03     1.310000000E+03
2.190000000E+03     1.410000000E+03
2.410000000E+03     2.190000000E+03
2.995000000E+03     2.410000000E+03
0
0
0
0
0
0
0
0
0
0
0
0
0
0
0
0
0
0
0
0
0
0
0
0
y
0
0
4
0
0
0
0
0
0
0
0
0
-1
EOF