*BLOCK: TYPE =    0: SUBTYPE =    0: VERSION =    2
Summary of spectral data.
Number of spectral bands =   350
Total number of gaseous absorbers =     3
Total number of generalised continua =     1
List of indexing numbers and absorbers.
Index       Absorber(identifier and name)
    1           1       Water Vapour        
    2           2       Carbon Dioxide      
    3           6       Methane             
Listing of continuum indexing numbers and gases.
Index     Gas 1(index and name)              Gas 2(index and name)
    1         1     Water Vapour                 1     Water Vapour        
*END
*BLOCK: TYPE =    1: SUBTYPE =    0: VERSION =    0
Specification of spectral intervals
Limits of spectral intervals (wavelengths in m.)
Band        Lower limit         Upper limit
    1        1.000000000E-03     1.000000000E-02
    2        5.000000000E-04     1.000000000E-03
    3        3.333333333E-04     5.000000000E-04
    4        2.500000000E-04     3.333333333E-04
    5        2.000000000E-04     2.500000000E-04
    6        1.666666667E-04     2.000000000E-04
    7        1.428571429E-04     1.666666667E-04
    8        1.250000000E-04     1.428571429E-04
    9        1.111111111E-04     1.250000000E-04
   10        1.000000000E-04     1.111111111E-04
   11        9.090909091E-05     1.000000000E-04
   12        8.333333333E-05     9.090909091E-05
   13        7.692307692E-05     8.333333333E-05
   14        7.142857143E-05     7.692307692E-05
   15        6.666666667E-05     7.142857143E-05
   16        6.250000000E-05     6.666666667E-05
   17        5.882352941E-05     6.250000000E-05
   18        5.555555556E-05     5.882352941E-05
   19        5.263157895E-05     5.555555556E-05
   20        5.000000000E-05     5.263157895E-05
   21        4.761904762E-05     5.000000000E-05
   22        4.545454545E-05     4.761904762E-05
   23        4.347826087E-05     4.545454545E-05
   24        4.166666667E-05     4.347826087E-05
   25        4.000000000E-05     4.166666667E-05
   26        3.846153846E-05     4.000000000E-05
   27        3.703703704E-05     3.846153846E-05
   28        3.571428571E-05     3.703703704E-05
   29        3.448275862E-05     3.571428571E-05
   30        3.333333333E-05     3.448275862E-05
   31        3.225806452E-05     3.333333333E-05
   32        3.125000000E-05     3.225806452E-05
   33        3.030303030E-05     3.125000000E-05
   34        2.941176471E-05     3.030303030E-05
   35        2.857142857E-05     2.941176471E-05
   36        2.777777778E-05     2.857142857E-05
   37        2.702702703E-05     2.777777778E-05
   38        2.631578947E-05     2.702702703E-05
   39        2.564102564E-05     2.631578947E-05
   40        2.500000000E-05     2.564102564E-05
   41        2.439024390E-05     2.500000000E-05
   42        2.380952381E-05     2.439024390E-05
   43        2.325581395E-05     2.380952381E-05
   44        2.272727273E-05     2.325581395E-05
   45        2.222222222E-05     2.272727273E-05
   46        2.173913043E-05     2.222222222E-05
   47        2.127659574E-05     2.173913043E-05
   48        2.083333333E-05     2.127659574E-05
   49        2.040816327E-05     2.083333333E-05
   50        2.000000000E-05     2.040816327E-05
   51        1.960784314E-05     2.000000000E-05
   52        1.923076923E-05     1.960784314E-05
   53        1.886792453E-05     1.923076923E-05
   54        1.851851852E-05     1.886792453E-05
   55        1.818181818E-05     1.851851852E-05
   56        1.785714286E-05     1.818181818E-05
   57        1.754385965E-05     1.785714286E-05
   58        1.724137931E-05     1.754385965E-05
   59        1.694915254E-05     1.724137931E-05
   60        1.666666667E-05     1.694915254E-05
   61        1.639344262E-05     1.666666667E-05
   62        1.612903226E-05     1.639344262E-05
   63        1.587301587E-05     1.612903226E-05
   64        1.562500000E-05     1.587301587E-05
   65        1.538461538E-05     1.562500000E-05
   66        1.515151515E-05     1.538461538E-05
   67        1.492537313E-05     1.515151515E-05
   68        1.470588235E-05     1.492537313E-05
   69        1.449275362E-05     1.470588235E-05
   70        1.428571429E-05     1.449275362E-05
   71        1.408450704E-05     1.428571429E-05
   72        1.388888889E-05     1.408450704E-05
   73        1.369863014E-05     1.388888889E-05
   74        1.351351351E-05     1.369863014E-05
   75        1.333333333E-05     1.351351351E-05
   76        1.315789474E-05     1.333333333E-05
   77        1.298701299E-05     1.315789474E-05
   78        1.282051282E-05     1.298701299E-05
   79        1.265822785E-05     1.282051282E-05
   80        1.250000000E-05     1.265822785E-05
   81        1.234567901E-05     1.250000000E-05
   82        1.219512195E-05     1.234567901E-05
   83        1.204819277E-05     1.219512195E-05
   84        1.190476190E-05     1.204819277E-05
   85        1.176470588E-05     1.190476190E-05
   86        1.162790698E-05     1.176470588E-05
   87        1.149425287E-05     1.162790698E-05
   88        1.136363636E-05     1.149425287E-05
   89        1.123595506E-05     1.136363636E-05
   90        1.111111111E-05     1.123595506E-05
   91        1.098901099E-05     1.111111111E-05
   92        1.086956522E-05     1.098901099E-05
   93        1.075268817E-05     1.086956522E-05
   94        1.063829787E-05     1.075268817E-05
   95        1.052631579E-05     1.063829787E-05
   96        1.041666667E-05     1.052631579E-05
   97        1.030927835E-05     1.041666667E-05
   98        1.020408163E-05     1.030927835E-05
   99        1.010101010E-05     1.020408163E-05
  100        1.000000000E-05     1.010101010E-05
  101        9.900990099E-06     1.000000000E-05
  102        9.803921569E-06     9.900990099E-06
  103        9.708737864E-06     9.803921569E-06
  104        9.615384615E-06     9.708737864E-06
  105        9.523809524E-06     9.615384615E-06
  106        9.433962264E-06     9.523809524E-06
  107        9.345794393E-06     9.433962264E-06
  108        9.259259259E-06     9.345794393E-06
  109        9.174311927E-06     9.259259259E-06
  110        9.090909091E-06     9.174311927E-06
  111        9.009009009E-06     9.090909091E-06
  112        8.928571429E-06     9.009009009E-06
  113        8.849557522E-06     8.928571429E-06
  114        8.771929825E-06     8.849557522E-06
  115        8.695652174E-06     8.771929825E-06
  116        8.620689655E-06     8.695652174E-06
  117        8.547008547E-06     8.620689655E-06
  118        8.474576271E-06     8.547008547E-06
  119        8.403361345E-06     8.474576271E-06
  120        8.333333333E-06     8.403361345E-06
  121        8.264462810E-06     8.333333333E-06
  122        8.196721311E-06     8.264462810E-06
  123        8.130081301E-06     8.196721311E-06
  124        8.064516129E-06     8.130081301E-06
  125        8.000000000E-06     8.064516129E-06
  126        7.936507937E-06     8.000000000E-06
  127        7.874015748E-06     7.936507937E-06
  128        7.812500000E-06     7.874015748E-06
  129        7.751937984E-06     7.812500000E-06
  130        7.692307692E-06     7.751937984E-06
  131        7.633587786E-06     7.692307692E-06
  132        7.575757576E-06     7.633587786E-06
  133        7.518796992E-06     7.575757576E-06
  134        7.462686567E-06     7.518796992E-06
  135        7.407407407E-06     7.462686567E-06
  136        7.352941176E-06     7.407407407E-06
  137        7.299270073E-06     7.352941176E-06
  138        7.246376812E-06     7.299270073E-06
  139        7.194244604E-06     7.246376812E-06
  140        7.142857143E-06     7.194244604E-06
  141        7.092198582E-06     7.142857143E-06
  142        7.042253521E-06     7.092198582E-06
  143        6.993006993E-06     7.042253521E-06
  144        6.944444444E-06     6.993006993E-06
  145        6.896551724E-06     6.944444444E-06
  146        6.849315068E-06     6.896551724E-06
  147        6.802721088E-06     6.849315068E-06
  148        6.756756757E-06     6.802721088E-06
  149        6.711409396E-06     6.756756757E-06
  150        6.666666667E-06     6.711409396E-06
  151        6.622516556E-06     6.666666667E-06
  152        6.578947368E-06     6.622516556E-06
  153        6.535947712E-06     6.578947368E-06
  154        6.493506494E-06     6.535947712E-06
  155        6.451612903E-06     6.493506494E-06
  156        6.410256410E-06     6.451612903E-06
  157        6.369426752E-06     6.410256410E-06
  158        6.329113924E-06     6.369426752E-06
  159        6.289308176E-06     6.329113924E-06
  160        6.250000000E-06     6.289308176E-06
  161        6.211180124E-06     6.250000000E-06
  162        6.172839506E-06     6.211180124E-06
  163        6.134969325E-06     6.172839506E-06
  164        6.097560976E-06     6.134969325E-06
  165        6.060606061E-06     6.097560976E-06
  166        6.024096386E-06     6.060606061E-06
  167        5.988023952E-06     6.024096386E-06
  168        5.952380952E-06     5.988023952E-06
  169        5.917159763E-06     5.952380952E-06
  170        5.882352941E-06     5.917159763E-06
  171        5.847953216E-06     5.882352941E-06
  172        5.813953488E-06     5.847953216E-06
  173        5.780346821E-06     5.813953488E-06
  174        5.747126437E-06     5.780346821E-06
  175        5.714285714E-06     5.747126437E-06
  176        5.681818182E-06     5.714285714E-06
  177        5.649717514E-06     5.681818182E-06
  178        5.617977528E-06     5.649717514E-06
  179        5.586592179E-06     5.617977528E-06
  180        5.555555556E-06     5.586592179E-06
  181        5.524861878E-06     5.555555556E-06
  182        5.494505495E-06     5.524861878E-06
  183        5.464480874E-06     5.494505495E-06
  184        5.434782609E-06     5.464480874E-06
  185        5.405405405E-06     5.434782609E-06
  186        5.376344086E-06     5.405405405E-06
  187        5.347593583E-06     5.376344086E-06
  188        5.319148936E-06     5.347593583E-06
  189        5.291005291E-06     5.319148936E-06
  190        5.263157895E-06     5.291005291E-06
  191        5.235602094E-06     5.263157895E-06
  192        5.208333333E-06     5.235602094E-06
  193        5.181347150E-06     5.208333333E-06
  194        5.154639175E-06     5.181347150E-06
  195        5.128205128E-06     5.154639175E-06
  196        5.102040816E-06     5.128205128E-06
  197        5.076142132E-06     5.102040816E-06
  198        5.050505051E-06     5.076142132E-06
  199        5.025125628E-06     5.050505051E-06
  200        5.000000000E-06     5.025125628E-06
  201        4.975124378E-06     5.000000000E-06
  202        4.950495050E-06     4.975124378E-06
  203        4.926108374E-06     4.950495050E-06
  204        4.901960784E-06     4.926108374E-06
  205        4.878048780E-06     4.901960784E-06
  206        4.854368932E-06     4.878048780E-06
  207        4.830917874E-06     4.854368932E-06
  208        4.807692308E-06     4.830917874E-06
  209        4.784688995E-06     4.807692308E-06
  210        4.761904762E-06     4.784688995E-06
  211        4.739336493E-06     4.761904762E-06
  212        4.716981132E-06     4.739336493E-06
  213        4.694835681E-06     4.716981132E-06
  214        4.672897196E-06     4.694835681E-06
  215        4.651162791E-06     4.672897196E-06
  216        4.629629630E-06     4.651162791E-06
  217        4.608294931E-06     4.629629630E-06
  218        4.587155963E-06     4.608294931E-06
  219        4.566210046E-06     4.587155963E-06
  220        4.545454545E-06     4.566210046E-06
  221        4.524886878E-06     4.545454545E-06
  222        4.504504505E-06     4.524886878E-06
  223        4.484304933E-06     4.504504505E-06
  224        4.464285714E-06     4.484304933E-06
  225        4.444444444E-06     4.464285714E-06
  226        4.424778761E-06     4.444444444E-06
  227        4.405286344E-06     4.424778761E-06
  228        4.385964912E-06     4.405286344E-06
  229        4.366812227E-06     4.385964912E-06
  230        4.347826087E-06     4.366812227E-06
  231        4.329004329E-06     4.347826087E-06
  232        4.310344828E-06     4.329004329E-06
  233        4.291845494E-06     4.310344828E-06
  234        4.273504274E-06     4.291845494E-06
  235        4.255319149E-06     4.273504274E-06
  236        4.237288136E-06     4.255319149E-06
  237        4.219409283E-06     4.237288136E-06
  238        4.201680672E-06     4.219409283E-06
  239        4.184100418E-06     4.201680672E-06
  240        4.166666667E-06     4.184100418E-06
  241        4.149377593E-06     4.166666667E-06
  242        4.132231405E-06     4.149377593E-06
  243        4.115226337E-06     4.132231405E-06
  244        4.098360656E-06     4.115226337E-06
  245        4.081632653E-06     4.098360656E-06
  246        4.065040650E-06     4.081632653E-06
  247        4.048582996E-06     4.065040650E-06
  248        4.032258065E-06     4.048582996E-06
  249        4.016064257E-06     4.032258065E-06
  250        4.000000000E-06     4.016064257E-06
  251        3.984063745E-06     4.000000000E-06
  252        3.968253968E-06     3.984063745E-06
  253        3.952569170E-06     3.968253968E-06
  254        3.937007874E-06     3.952569170E-06
  255        3.921568627E-06     3.937007874E-06
  256        3.906250000E-06     3.921568627E-06
  257        3.891050584E-06     3.906250000E-06
  258        3.875968992E-06     3.891050584E-06
  259        3.861003861E-06     3.875968992E-06
  260        3.846153846E-06     3.861003861E-06
  261        3.831417625E-06     3.846153846E-06
  262        3.816793893E-06     3.831417625E-06
  263        3.802281369E-06     3.816793893E-06
  264        3.787878788E-06     3.802281369E-06
  265        3.773584906E-06     3.787878788E-06
  266        3.759398496E-06     3.773584906E-06
  267        3.745318352E-06     3.759398496E-06
  268        3.731343284E-06     3.745318352E-06
  269        3.717472119E-06     3.731343284E-06
  270        3.703703704E-06     3.717472119E-06
  271        3.690036900E-06     3.703703704E-06
  272        3.676470588E-06     3.690036900E-06
  273        3.663003663E-06     3.676470588E-06
  274        3.649635036E-06     3.663003663E-06
  275        3.636363636E-06     3.649635036E-06
  276        3.623188406E-06     3.636363636E-06
  277        3.610108303E-06     3.623188406E-06
  278        3.597122302E-06     3.610108303E-06
  279        3.584229391E-06     3.597122302E-06
  280        3.571428571E-06     3.584229391E-06
  281        3.558718861E-06     3.571428571E-06
  282        3.546099291E-06     3.558718861E-06
  283        3.533568905E-06     3.546099291E-06
  284        3.521126761E-06     3.533568905E-06
  285        3.508771930E-06     3.521126761E-06
  286        3.496503497E-06     3.508771930E-06
  287        3.484320557E-06     3.496503497E-06
  288        3.472222222E-06     3.484320557E-06
  289        3.460207612E-06     3.472222222E-06
  290        3.448275862E-06     3.460207612E-06
  291        3.436426117E-06     3.448275862E-06
  292        3.424657534E-06     3.436426117E-06
  293        3.412969283E-06     3.424657534E-06
  294        3.401360544E-06     3.412969283E-06
  295        3.389830508E-06     3.401360544E-06
  296        3.378378378E-06     3.389830508E-06
  297        3.367003367E-06     3.378378378E-06
  298        3.355704698E-06     3.367003367E-06
  299        3.344481605E-06     3.355704698E-06
  300        3.333333333E-06     3.344481605E-06
  301        3.322259136E-06     3.333333333E-06
  302        3.311258278E-06     3.322259136E-06
  303        3.300330033E-06     3.311258278E-06
  304        3.289473684E-06     3.300330033E-06
  305        3.278688525E-06     3.289473684E-06
  306        3.267973856E-06     3.278688525E-06
  307        3.257328990E-06     3.267973856E-06
  308        3.246753247E-06     3.257328990E-06
  309        3.236245955E-06     3.246753247E-06
  310        3.225806452E-06     3.236245955E-06
  311        3.215434084E-06     3.225806452E-06
  312        3.205128205E-06     3.215434084E-06
  313        3.194888179E-06     3.205128205E-06
  314        3.184713376E-06     3.194888179E-06
  315        3.174603175E-06     3.184713376E-06
  316        3.164556962E-06     3.174603175E-06
  317        3.154574132E-06     3.164556962E-06
  318        3.144654088E-06     3.154574132E-06
  319        3.134796238E-06     3.144654088E-06
  320        3.125000000E-06     3.134796238E-06
  321        3.115264798E-06     3.125000000E-06
  322        3.105590062E-06     3.115264798E-06
  323        3.095975232E-06     3.105590062E-06
  324        3.086419753E-06     3.095975232E-06
  325        3.076923077E-06     3.086419753E-06
  326        3.067484663E-06     3.076923077E-06
  327        3.058103976E-06     3.067484663E-06
  328        3.048780488E-06     3.058103976E-06
  329        3.039513678E-06     3.048780488E-06
  330        3.030303030E-06     3.039513678E-06
  331        3.021148036E-06     3.030303030E-06
  332        3.012048193E-06     3.021148036E-06
  333        3.003003003E-06     3.012048193E-06
  334        2.994011976E-06     3.003003003E-06
  335        2.985074627E-06     2.994011976E-06
  336        2.976190476E-06     2.985074627E-06
  337        2.967359050E-06     2.976190476E-06
  338        2.958579882E-06     2.967359050E-06
  339        2.949852507E-06     2.958579882E-06
  340        2.941176471E-06     2.949852507E-06
  341        2.932551320E-06     2.941176471E-06
  342        2.923976608E-06     2.932551320E-06
  343        2.915451895E-06     2.923976608E-06
  344        2.906976744E-06     2.915451895E-06
  345        2.898550725E-06     2.906976744E-06
  346        2.890173410E-06     2.898550725E-06
  347        2.881844380E-06     2.890173410E-06
  348        2.873563218E-06     2.881844380E-06
  349        2.865329513E-06     2.873563218E-06
  350        2.857142857E-06     2.865329513E-06
*END
*BLOCK: TYPE =    4: SUBTYPE =    0: VERSION =    0
Gaseous absorbers in each interval
(The number is the indexing number of the species as set out
 in the summary block 0.)
A zero indicates that there in no gaseous absorption in the interval.
Band        Number of active absorbers followed by indexing numbers
    1           0
    2           0
    3           0
    4           0
    5           0
    6           0
    7           0
    8           0
    9           0
   10           0
   11           0
   12           0
   13           0
   14           0
   15           0
   16           0
   17           0
   18           0
   19           0
   20           0
   21           0
   22           0
   23           0
   24           0
   25           0
   26           0
   27           0
   28           0
   29           0
   30           0
   31           0
   32           0
   33           0
   34           0
   35           0
   36           0
   37           0
   38           0
   39           0
   40           0
   41           0
   42           0
   43           0
   44           0
   45           0
   46           0
   47           0
   48           0
   49           0
   50           0
   51           0
   52           0
   53           0
   54           0
   55           0
   56           0
   57           0
   58           0
   59           0
   60           0
   61           0
   62           0
   63           0
   64           0
   65           0
   66           0
   67           0
   68           0
   69           0
   70           0
   71           0
   72           0
   73           0
   74           0
   75           0
   76           0
   77           0
   78           0
   79           0
   80           0
   81           0
   82           0
   83           0
   84           0
   85           0
   86           0
   87           0
   88           0
   89           0
   90           0
   91           0
   92           0
   93           0
   94           0
   95           0
   96           0
   97           0
   98           0
   99           0
  100           0
  101           0
  102           0
  103           0
  104           0
  105           0
  106           0
  107           0
  108           0
  109           0
  110           0
  111           0
  112           0
  113           0
  114           0
  115           0
  116           0
  117           0
  118           0
  119           0
  120           0
  121           0
  122           0
  123           0
  124           0
  125           0
  126           0
  127           0
  128           0
  129           0
  130           0
  131           0
  132           0
  133           0
  134           0
  135           0
  136           0
  137           0
  138           0
  139           0
  140           0
  141           0
  142           0
  143           0
  144           0
  145           0
  146           0
  147           0
  148           0
  149           0
  150           0
  151           0
  152           0
  153           0
  154           0
  155           0
  156           0
  157           0
  158           0
  159           0
  160           0
  161           0
  162           0
  163           0
  164           0
  165           0
  166           0
  167           0
  168           0
  169           0
  170           0
  171           0
  172           0
  173           0
  174           0
  175           0
  176           0
  177           0
  178           0
  179           0
  180           0
  181           0
  182           0
  183           0
  184           0
  185           0
  186           0
  187           0
  188           0
  189           0
  190           0
  191           0
  192           0
  193           0
  194           0
  195           0
  196           0
  197           0
  198           0
  199           0
  200           0
  201           0
  202           0
  203           0
  204           0
  205           0
  206           0
  207           0
  208           0
  209           0
  210           0
  211           0
  212           0
  213           0
  214           0
  215           0
  216           0
  217           0
  218           0
  219           0
  220           0
  221           0
  222           0
  223           0
  224           0
  225           0
  226           0
  227           0
  228           0
  229           0
  230           0
  231           0
  232           0
  233           0
  234           0
  235           0
  236           0
  237           0
  238           0
  239           0
  240           0
  241           0
  242           0
  243           0
  244           0
  245           0
  246           0
  247           0
  248           0
  249           0
  250           0
  251           0
  252           0
  253           0
  254           0
  255           0
  256           0
  257           0
  258           0
  259           0
  260           0
  261           0
  262           0
  263           0
  264           0
  265           0
  266           0
  267           0
  268           0
  269           0
  270           0
  271           0
  272           0
  273           0
  274           0
  275           0
  276           0
  277           0
  278           0
  279           0
  280           0
  281           0
  282           0
  283           0
  284           0
  285           0
  286           0
  287           0
  288           0
  289           0
  290           0
  291           0
  292           0
  293           0
  294           0
  295           0
  296           0
  297           0
  298           0
  299           0
  300           0
  301           0
  302           0
  303           0
  304           0
  305           0
  306           0
  307           0
  308           0
  309           0
  310           0
  311           0
  312           0
  313           0
  314           0
  315           0
  316           0
  317           0
  318           0
  319           0
  320           0
  321           0
  322           0
  323           0
  324           0
  325           0
  326           0
  327           0
  328           0
  329           0
  330           0
  331           0
  332           0
  333           0
  334           0
  335           0
  336           0
  337           0
  338           0
  339           0
  340           0
  341           0
  342           0
  343           0
  344           0
  345           0
  346           0
  347           0
  348           0
  349           0
  350           0
*END
*BLOCK: TYPE =    8: SUBTYPE =    0: VERSION =    0
Continuum absorbers in each interval
(The number is the indexing number of each type as set out
 in the module rad_pcf.)
A zero indicates that there is no continuum absorption in the interval.
Band         Number of active continua followed by indexing numbers
    1           0
    2           0
    3           0
    4           0
    5           0
    6           0
    7           0
    8           0
    9           0
   10           0
   11           0
   12           0
   13           0
   14           0
   15           0
   16           0
   17           0
   18           0
   19           0
   20           0
   21           0
   22           0
   23           0
   24           0
   25           0
   26           0
   27           0
   28           0
   29           0
   30           0
   31           0
   32           0
   33           0
   34           0
   35           0
   36           0
   37           0
   38           0
   39           0
   40           0
   41           0
   42           0
   43           0
   44           0
   45           0
   46           0
   47           0
   48           0
   49           0
   50           0
   51           0
   52           0
   53           0
   54           0
   55           0
   56           0
   57           0
   58           0
   59           0
   60           0
   61           0
   62           0
   63           0
   64           0
   65           0
   66           0
   67           0
   68           0
   69           0
   70           0
   71           0
   72           0
   73           0
   74           0
   75           0
   76           0
   77           0
   78           0
   79           0
   80           0
   81           0
   82           0
   83           0
   84           0
   85           0
   86           0
   87           0
   88           0
   89           0
   90           0
   91           0
   92           0
   93           0
   94           0
   95           0
   96           0
   97           0
   98           0
   99           0
  100           0
  101           0
  102           0
  103           0
  104           0
  105           0
  106           0
  107           0
  108           0
  109           0
  110           0
  111           0
  112           0
  113           0
  114           0
  115           0
  116           0
  117           0
  118           0
  119           0
  120           0
  121           0
  122           0
  123           0
  124           0
  125           0
  126           0
  127           0
  128           0
  129           0
  130           0
  131           0
  132           0
  133           0
  134           0
  135           0
  136           0
  137           0
  138           0
  139           0
  140           0
  141           0
  142           0
  143           0
  144           0
  145           0
  146           0
  147           0
  148           0
  149           0
  150           0
  151           0
  152           0
  153           0
  154           0
  155           0
  156           0
  157           0
  158           0
  159           0
  160           0
  161           0
  162           0
  163           0
  164           0
  165           0
  166           0
  167           0
  168           0
  169           0
  170           0
  171           0
  172           0
  173           0
  174           0
  175           0
  176           0
  177           0
  178           0
  179           0
  180           0
  181           0
  182           0
  183           0
  184           0
  185           0
  186           0
  187           0
  188           0
  189           0
  190           0
  191           0
  192           0
  193           0
  194           0
  195           0
  196           0
  197           0
  198           0
  199           0
  200           0
  201           0
  202           0
  203           0
  204           0
  205           0
  206           0
  207           0
  208           0
  209           0
  210           0
  211           0
  212           0
  213           0
  214           0
  215           0
  216           0
  217           0
  218           0
  219           0
  220           0
  221           0
  222           0
  223           0
  224           0
  225           0
  226           0
  227           0
  228           0
  229           0
  230           0
  231           0
  232           0
  233           0
  234           0
  235           0
  236           0
  237           0
  238           0
  239           0
  240           0
  241           0
  242           0
  243           0
  244           0
  245           0
  246           0
  247           0
  248           0
  249           0
  250           0
  251           0
  252           0
  253           0
  254           0
  255           0
  256           0
  257           0
  258           0
  259           0
  260           0
  261           0
  262           0
  263           0
  264           0
  265           0
  266           0
  267           0
  268           0
  269           0
  270           0
  271           0
  272           0
  273           0
  274           0
  275           0
  276           0
  277           0
  278           0
  279           0
  280           0
  281           0
  282           0
  283           0
  284           0
  285           0
  286           0
  287           0
  288           0
  289           0
  290           0
  291           0
  292           0
  293           0
  294           0
  295           0
  296           0
  297           0
  298           0
  299           0
  300           0
  301           0
  302           0
  303           0
  304           0
  305           0
  306           0
  307           0
  308           0
  309           0
  310           0
  311           0
  312           0
  313           0
  314           0
  315           0
  316           0
  317           0
  318           0
  319           0
  320           0
  321           0
  322           0
  323           0
  324           0
  325           0
  326           0
  327           0
  328           0
  329           0
  330           0
  331           0
  332           0
  333           0
  334           0
  335           0
  336           0
  337           0
  338           0
  339           0
  340           0
  341           0
  342           0
  343           0
  344           0
  345           0
  346           0
  347           0
  348           0
  349           0
  350           0
Indexing numbers of gases for continua:
     Index of water =     1
*END
*BLOCK: TYPE =   18: SUBTYPE =    0: VERSION =    0
Generalised continua in each interval
(The number is the indexing number of the continuum as set out
 in the summary block 0.)
A zero indicates that there in no generalised continuum absorption in the interval.
Band        Number of active continua, flag for continuum being major absorber,
            followed by indexing numbers
    1           0           F
    2           0           F
    3           0           F
    4           0           F
    5           0           F
    6           0           F
    7           0           F
    8           0           F
    9           0           F
   10           0           F
   11           0           F
   12           0           F
   13           0           F
   14           0           F
   15           0           F
   16           0           F
   17           0           F
   18           0           F
   19           0           F
   20           0           F
   21           0           F
   22           0           F
   23           0           F
   24           0           F
   25           0           F
   26           0           F
   27           0           F
   28           0           F
   29           0           F
   30           0           F
   31           0           F
   32           0           F
   33           0           F
   34           0           F
   35           0           F
   36           0           F
   37           0           F
   38           0           F
   39           0           F
   40           0           F
   41           0           F
   42           0           F
   43           0           F
   44           0           F
   45           0           F
   46           0           F
   47           0           F
   48           0           F
   49           0           F
   50           0           F
   51           0           F
   52           0           F
   53           0           F
   54           0           F
   55           0           F
   56           0           F
   57           0           F
   58           0           F
   59           0           F
   60           0           F
   61           0           F
   62           0           F
   63           0           F
   64           0           F
   65           0           F
   66           0           F
   67           0           F
   68           0           F
   69           0           F
   70           0           F
   71           0           F
   72           0           F
   73           0           F
   74           0           F
   75           0           F
   76           0           F
   77           0           F
   78           0           F
   79           0           F
   80           0           F
   81           0           F
   82           0           F
   83           0           F
   84           0           F
   85           0           F
   86           0           F
   87           0           F
   88           0           F
   89           0           F
   90           0           F
   91           0           F
   92           0           F
   93           0           F
   94           0           F
   95           0           F
   96           0           F
   97           0           F
   98           0           F
   99           0           F
  100           0           F
  101           0           F
  102           0           F
  103           0           F
  104           0           F
  105           0           F
  106           0           F
  107           0           F
  108           0           F
  109           0           F
  110           0           F
  111           0           F
  112           0           F
  113           0           F
  114           0           F
  115           0           F
  116           0           F
  117           0           F
  118           0           F
  119           0           F
  120           0           F
  121           0           F
  122           0           F
  123           0           F
  124           0           F
  125           0           F
  126           0           F
  127           0           F
  128           0           F
  129           0           F
  130           0           F
  131           0           F
  132           0           F
  133           0           F
  134           0           F
  135           0           F
  136           0           F
  137           0           F
  138           0           F
  139           0           F
  140           0           F
  141           0           F
  142           0           F
  143           0           F
  144           0           F
  145           0           F
  146           0           F
  147           0           F
  148           0           F
  149           0           F
  150           0           F
  151           0           F
  152           0           F
  153           0           F
  154           0           F
  155           0           F
  156           0           F
  157           0           F
  158           0           F
  159           0           F
  160           0           F
  161           0           F
  162           0           F
  163           0           F
  164           0           F
  165           0           F
  166           0           F
  167           0           F
  168           0           F
  169           0           F
  170           0           F
  171           0           F
  172           0           F
  173           0           F
  174           0           F
  175           0           F
  176           0           F
  177           0           F
  178           0           F
  179           0           F
  180           0           F
  181           0           F
  182           0           F
  183           0           F
  184           0           F
  185           0           F
  186           0           F
  187           0           F
  188           0           F
  189           0           F
  190           0           F
  191           0           F
  192           0           F
  193           0           F
  194           0           F
  195           0           F
  196           0           F
  197           0           F
  198           0           F
  199           0           F
  200           0           F
  201           0           F
  202           0           F
  203           0           F
  204           0           F
  205           0           F
  206           0           F
  207           0           F
  208           0           F
  209           0           F
  210           0           F
  211           0           F
  212           0           F
  213           0           F
  214           0           F
  215           0           F
  216           0           F
  217           0           F
  218           0           F
  219           0           F
  220           0           F
  221           0           F
  222           0           F
  223           0           F
  224           0           F
  225           0           F
  226           0           F
  227           0           F
  228           0           F
  229           0           F
  230           0           F
  231           0           F
  232           0           F
  233           0           F
  234           0           F
  235           0           F
  236           0           F
  237           0           F
  238           0           F
  239           0           F
  240           0           F
  241           0           F
  242           0           F
  243           0           F
  244           0           F
  245           0           F
  246           0           F
  247           0           F
  248           0           F
  249           0           F
  250           0           F
  251           0           F
  252           0           F
  253           0           F
  254           0           F
  255           0           F
  256           0           F
  257           0           F
  258           0           F
  259           0           F
  260           0           F
  261           0           F
  262           0           F
  263           0           F
  264           0           F
  265           0           F
  266           0           F
  267           0           F
  268           0           F
  269           0           F
  270           0           F
  271           0           F
  272           0           F
  273           0           F
  274           0           F
  275           0           F
  276           0           F
  277           0           F
  278           0           F
  279           0           F
  280           0           F
  281           0           F
  282           0           F
  283           0           F
  284           0           F
  285           0           F
  286           0           F
  287           0           F
  288           0           F
  289           0           F
  290           0           F
  291           0           F
  292           0           F
  293           0           F
  294           0           F
  295           0           F
  296           0           F
  297           0           F
  298           0           F
  299           0           F
  300           0           F
  301           0           F
  302           0           F
  303           0           F
  304           0           F
  305           0           F
  306           0           F
  307           0           F
  308           0           F
  309           0           F
  310           0           F
  311           0           F
  312           0           F
  313           0           F
  314           0           F
  315           0           F
  316           0           F
  317           0           F
  318           0           F
  319           0           F
  320           0           F
  321           0           F
  322           0           F
  323           0           F
  324           0           F
  325           0           F
  326           0           F
  327           0           F
  328           0           F
  329           0           F
  330           0           F
  331           0           F
  332           0           F
  333           0           F
  334           0           F
  335           0           F
  336           0           F
  337           0           F
  338           0           F
  339           0           F
  340           0           F
  341           0           F
  342           0           F
  343           0           F
  344           0           F
  345           0           F
  346           0           F
  347           0           F
  348           0           F
  349           0           F
  350           0           F
*END
