P-T table between 1e5 Pa and 1e6 Pa, and 100 and 400 K.
*PTVAL
1.2589254D+05 1.0000000D+02 1.2500000D+02 1.5000000D+02 1.7500000D+02 2.0000000D+02 2.2500000D+02 2.5000000D+02 2.7500000D+02 3.0000000D+02 3.2500000D+02 3.5000000D+02 3.7500000D+02 4.0000000D+02
1.5848932D+05 1.0000000D+02 1.2500000D+02 1.5000000D+02 1.7500000D+02 2.0000000D+02 2.2500000D+02 2.5000000D+02 2.7500000D+02 3.0000000D+02 3.2500000D+02 3.5000000D+02 3.7500000D+02 4.0000000D+02
1.9952623D+05 1.0000000D+02 1.2500000D+02 1.5000000D+02 1.7500000D+02 2.0000000D+02 2.2500000D+02 2.5000000D+02 2.7500000D+02 3.0000000D+02 3.2500000D+02 3.5000000D+02 3.7500000D+02 4.0000000D+02
2.5118864D+05 1.0000000D+02 1.2500000D+02 1.5000000D+02 1.7500000D+02 2.0000000D+02 2.2500000D+02 2.5000000D+02 2.7500000D+02 3.0000000D+02 3.2500000D+02 3.5000000D+02 3.7500000D+02 4.0000000D+02
3.1622777D+05 1.0000000D+02 1.2500000D+02 1.5000000D+02 1.7500000D+02 2.0000000D+02 2.2500000D+02 2.5000000D+02 2.7500000D+02 3.0000000D+02 3.2500000D+02 3.5000000D+02 3.7500000D+02 4.0000000D+02
3.9810717D+05 1.0000000D+02 1.2500000D+02 1.5000000D+02 1.7500000D+02 2.0000000D+02 2.2500000D+02 2.5000000D+02 2.7500000D+02 3.0000000D+02 3.2500000D+02 3.5000000D+02 3.7500000D+02 4.0000000D+02
5.0118723D+05 1.0000000D+02 1.2500000D+02 1.5000000D+02 1.7500000D+02 2.0000000D+02 2.2500000D+02 2.5000000D+02 2.7500000D+02 3.0000000D+02 3.2500000D+02 3.5000000D+02 3.7500000D+02 4.0000000D+02
6.3095734D+05 1.0000000D+02 1.2500000D+02 1.5000000D+02 1.7500000D+02 2.0000000D+02 2.2500000D+02 2.5000000D+02 2.7500000D+02 3.0000000D+02 3.2500000D+02 3.5000000D+02 3.7500000D+02 4.0000000D+02
7.9432823D+05 1.0000000D+02 1.2500000D+02 1.5000000D+02 1.7500000D+02 2.0000000D+02 2.2500000D+02 2.5000000D+02 2.7500000D+02 3.0000000D+02 3.2500000D+02 3.5000000D+02 3.7500000D+02 4.0000000D+02
1.0000000D+06 1.0000000D+02 1.2500000D+02 1.5000000D+02 1.7500000D+02 2.0000000D+02 2.2500000D+02 2.5000000D+02 2.7500000D+02 3.0000000D+02 3.2500000D+02 3.5000000D+02 3.7500000D+02 4.0000000D+02
*END
