Table of 54 pressures, 16 temperatures at which to tabulate line absorption for a Titan-like atmosphere.
*PTVAL
1.0000000D+00 4.0000000D+01 4.4530543D+01 4.9574232D+01 5.5189186D+01 6.1440111D+01 6.8399038D+01 7.6146158D+01 8.4770744D+01 9.4372181D+01 1.0506111D+02 1.1696071D+02 1.3020810D+02 1.4495593D+02 1.6137416D+02 1.7965197D+02 2.0000000D+02
1.2589817D+00 4.0000000D+01 4.4530543D+01 4.9574232D+01 5.5189186D+01 6.1440111D+01 6.8399038D+01 7.6146158D+01 8.4770744D+01 9.4372181D+01 1.0506111D+02 1.1696071D+02 1.3020810D+02 1.4495593D+02 1.6137416D+02 1.7965197D+02 2.0000000D+02
1.5850350D+00 4.0000000D+01 4.4530543D+01 4.9574232D+01 5.5189186D+01 6.1440111D+01 6.8399038D+01 7.6146158D+01 8.4770744D+01 9.4372181D+01 1.0506111D+02 1.1696071D+02 1.3020810D+02 1.4495593D+02 1.6137416D+02 1.7965197D+02 2.0000000D+02
1.9955302D+00 4.0000000D+01 4.4530543D+01 4.9574232D+01 5.5189186D+01 6.1440111D+01 6.8399038D+01 7.6146158D+01 8.4770744D+01 9.4372181D+01 1.0506111D+02 1.1696071D+02 1.3020810D+02 1.4495593D+02 1.6137416D+02 1.7965197D+02 2.0000000D+02
2.5123361D+00 4.0000000D+01 4.4530543D+01 4.9574232D+01 5.5189186D+01 6.1440111D+01 6.8399038D+01 7.6146158D+01 8.4770744D+01 9.4372181D+01 1.0506111D+02 1.1696071D+02 1.3020810D+02 1.4495593D+02 1.6137416D+02 1.7965197D+02 2.0000000D+02
3.1629853D+00 4.0000000D+01 4.4530543D+01 4.9574232D+01 5.5189186D+01 6.1440111D+01 6.8399038D+01 7.6146158D+01 8.4770744D+01 9.4372181D+01 1.0506111D+02 1.1696071D+02 1.3020810D+02 1.4495593D+02 1.6137416D+02 1.7965197D+02 2.0000000D+02
3.9821407D+00 4.0000000D+01 4.4530543D+01 4.9574232D+01 5.5189186D+01 6.1440111D+01 6.8399038D+01 7.6146158D+01 8.4770744D+01 9.4372181D+01 1.0506111D+02 1.1696071D+02 1.3020810D+02 1.4495593D+02 1.6137416D+02 1.7965197D+02 2.0000000D+02
5.0134425D+00 4.0000000D+01 4.4530543D+01 4.9574232D+01 5.5189186D+01 6.1440111D+01 6.8399038D+01 7.6146158D+01 8.4770744D+01 9.4372181D+01 1.0506111D+02 1.1696071D+02 1.3020810D+02 1.4495593D+02 1.6137416D+02 1.7965197D+02 2.0000000D+02
6.3118326D+00 4.0000000D+01 4.4530543D+01 4.9574232D+01 5.5189186D+01 6.1440111D+01 6.8399038D+01 7.6146158D+01 8.4770744D+01 9.4372181D+01 1.0506111D+02 1.1696071D+02 1.3020810D+02 1.4495593D+02 1.6137416D+02 1.7965197D+02 2.0000000D+02
7.9464820D+00 4.0000000D+01 4.4530543D+01 4.9574232D+01 5.5189186D+01 6.1440111D+01 6.8399038D+01 7.6146158D+01 8.4770744D+01 9.4372181D+01 1.0506111D+02 1.1696071D+02 1.3020810D+02 1.4495593D+02 1.6137416D+02 1.7965197D+02 2.0000000D+02
1.0004476D+01 4.0000000D+01 4.4530543D+01 4.9574232D+01 5.5189186D+01 6.1440111D+01 6.8399038D+01 7.6146158D+01 8.4770744D+01 9.4372181D+01 1.0506111D+02 1.1696071D+02 1.3020810D+02 1.4495593D+02 1.6137416D+02 1.7965197D+02 2.0000000D+02
1.2595452D+01 4.0000000D+01 4.4530543D+01 4.9574232D+01 5.5189186D+01 6.1440111D+01 6.8399038D+01 7.6146158D+01 8.4770744D+01 9.4372181D+01 1.0506111D+02 1.1696071D+02 1.3020810D+02 1.4495593D+02 1.6137416D+02 1.7965197D+02 2.0000000D+02
1.5857445D+01 4.0000000D+01 4.4530543D+01 4.9574232D+01 5.5189186D+01 6.1440111D+01 6.8399038D+01 7.6146158D+01 8.4770744D+01 9.4372181D+01 1.0506111D+02 1.1696071D+02 1.3020810D+02 1.4495593D+02 1.6137416D+02 1.7965197D+02 2.0000000D+02
1.9964233D+01 4.0000000D+01 4.4530543D+01 4.9574232D+01 5.5189186D+01 6.1440111D+01 6.8399038D+01 7.6146158D+01 8.4770744D+01 9.4372181D+01 1.0506111D+02 1.1696071D+02 1.3020810D+02 1.4495593D+02 1.6137416D+02 1.7965197D+02 2.0000000D+02
2.5134606D+01 4.0000000D+01 4.4530543D+01 4.9574232D+01 5.5189186D+01 6.1440111D+01 6.8399038D+01 7.6146158D+01 8.4770744D+01 9.4372181D+01 1.0506111D+02 1.1696071D+02 1.3020810D+02 1.4495593D+02 1.6137416D+02 1.7965197D+02 2.0000000D+02
3.1644010D+01 4.0000000D+01 4.4530543D+01 4.9574232D+01 5.5189186D+01 6.1440111D+01 6.8399038D+01 7.6146158D+01 8.4770744D+01 9.4372181D+01 1.0506111D+02 1.1696071D+02 1.3020810D+02 1.4495593D+02 1.6137416D+02 1.7965197D+02 2.0000000D+02
3.9839231D+01 4.0000000D+01 4.4530543D+01 4.9574232D+01 5.5189186D+01 6.1440111D+01 6.8399038D+01 7.6146158D+01 8.4770744D+01 9.4372181D+01 1.0506111D+02 1.1696071D+02 1.3020810D+02 1.4495593D+02 1.6137416D+02 1.7965197D+02 2.0000000D+02
5.0156864D+01 4.0000000D+01 4.4530543D+01 4.9574232D+01 5.5189186D+01 6.1440111D+01 6.8399038D+01 7.6146158D+01 8.4770744D+01 9.4372181D+01 1.0506111D+02 1.1696071D+02 1.3020810D+02 1.4495593D+02 1.6137416D+02 1.7965197D+02 2.0000000D+02
6.3146576D+01 4.0000000D+01 4.4530543D+01 4.9574232D+01 5.5189186D+01 6.1440111D+01 6.8399038D+01 7.6146158D+01 8.4770744D+01 9.4372181D+01 1.0506111D+02 1.1696071D+02 1.3020810D+02 1.4495593D+02 1.6137416D+02 1.7965197D+02 2.0000000D+02
7.9500387D+01 4.0000000D+01 4.4530543D+01 4.9574232D+01 5.5189186D+01 6.1440111D+01 6.8399038D+01 7.6146158D+01 8.4770744D+01 9.4372181D+01 1.0506111D+02 1.1696071D+02 1.3020810D+02 1.4495593D+02 1.6137416D+02 1.7965197D+02 2.0000000D+02
1.0008954D+02 4.0000000D+01 4.4530543D+01 4.9574232D+01 5.5189186D+01 6.1440111D+01 6.8399038D+01 7.6146158D+01 8.4770744D+01 9.4372181D+01 1.0506111D+02 1.1696071D+02 1.3020810D+02 1.4495593D+02 1.6137416D+02 1.7965197D+02 2.0000000D+02
1.2601090D+02 4.0000000D+01 4.4530543D+01 4.9574232D+01 5.5189186D+01 6.1440111D+01 6.8399038D+01 7.6146158D+01 8.4770744D+01 9.4372181D+01 1.0506111D+02 1.1696071D+02 1.3020810D+02 1.4495593D+02 1.6137416D+02 1.7965197D+02 2.0000000D+02
1.5864542D+02 4.0000000D+01 4.4530543D+01 4.9574232D+01 5.5189186D+01 6.1440111D+01 6.8399038D+01 7.6146158D+01 8.4770744D+01 9.4372181D+01 1.0506111D+02 1.1696071D+02 1.3020810D+02 1.4495593D+02 1.6137416D+02 1.7965197D+02 2.0000000D+02
1.9973169D+02 4.0000000D+01 4.4530543D+01 4.9574232D+01 5.5189186D+01 6.1440111D+01 6.8399038D+01 7.6146158D+01 8.4770744D+01 9.4372181D+01 1.0506111D+02 1.1696071D+02 1.3020810D+02 1.4495593D+02 1.6137416D+02 1.7965197D+02 2.0000000D+02
2.5145855D+02 4.0000000D+01 4.4530543D+01 4.9574232D+01 5.5189186D+01 6.1440111D+01 6.8399038D+01 7.6146158D+01 8.4770744D+01 9.4372181D+01 1.0506111D+02 1.1696071D+02 1.3020810D+02 1.4495593D+02 1.6137416D+02 1.7965197D+02 2.0000000D+02
3.1658173D+02 4.0000000D+01 4.4530543D+01 4.9574232D+01 5.5189186D+01 6.1440111D+01 6.8399038D+01 7.6146158D+01 8.4770744D+01 9.4372181D+01 1.0506111D+02 1.1696071D+02 1.3020810D+02 1.4495593D+02 1.6137416D+02 1.7965197D+02 2.0000000D+02
3.9857062D+02 4.0000000D+01 4.4530543D+01 4.9574232D+01 5.5189186D+01 6.1440111D+01 6.8399038D+01 7.6146158D+01 8.4770744D+01 9.4372181D+01 1.0506111D+02 1.1696071D+02 1.3020810D+02 1.4495593D+02 1.6137416D+02 1.7965197D+02 2.0000000D+02
5.0179313D+02 4.0000000D+01 4.4530543D+01 4.9574232D+01 5.5189186D+01 6.1440111D+01 6.8399038D+01 7.6146158D+01 8.4770744D+01 9.4372181D+01 1.0506111D+02 1.1696071D+02 1.3020810D+02 1.4495593D+02 1.6137416D+02 1.7965197D+02 2.0000000D+02
6.3174840D+02 4.0000000D+01 4.4530543D+01 4.9574232D+01 5.5189186D+01 6.1440111D+01 6.8399038D+01 7.6146158D+01 8.4770744D+01 9.4372181D+01 1.0506111D+02 1.1696071D+02 1.3020810D+02 1.4495593D+02 1.6137416D+02 1.7965197D+02 2.0000000D+02
7.9535970D+02 4.0000000D+01 4.4530543D+01 4.9574232D+01 5.5189186D+01 6.1440111D+01 6.8399038D+01 7.6146158D+01 8.4770744D+01 9.4372181D+01 1.0506111D+02 1.1696071D+02 1.3020810D+02 1.4495593D+02 1.6137416D+02 1.7965197D+02 2.0000000D+02
1.0013433D+03 4.0000000D+01 4.4530543D+01 4.9574232D+01 5.5189186D+01 6.1440111D+01 6.8399038D+01 7.6146158D+01 8.4770744D+01 9.4372181D+01 1.0506111D+02 1.1696071D+02 1.3020810D+02 1.4495593D+02 1.6137416D+02 1.7965197D+02 2.0000000D+02
1.2606730D+03 4.0000000D+01 4.4530543D+01 4.9574232D+01 5.5189186D+01 6.1440111D+01 6.8399038D+01 7.6146158D+01 8.4770744D+01 9.4372181D+01 1.0506111D+02 1.1696071D+02 1.3020810D+02 1.4495593D+02 1.6137416D+02 1.7965197D+02 2.0000000D+02
1.5871643D+03 4.0000000D+01 4.4530543D+01 4.9574232D+01 5.5189186D+01 6.1440111D+01 6.8399038D+01 7.6146158D+01 8.4770744D+01 9.4372181D+01 1.0506111D+02 1.1696071D+02 1.3020810D+02 1.4495593D+02 1.6137416D+02 1.7965197D+02 2.0000000D+02
1.9982109D+03 4.0000000D+01 4.4530543D+01 4.9574232D+01 5.5189186D+01 6.1440111D+01 6.8399038D+01 7.6146158D+01 8.4770744D+01 9.4372181D+01 1.0506111D+02 1.1696071D+02 1.3020810D+02 1.4495593D+02 1.6137416D+02 1.7965197D+02 2.0000000D+02
2.5157110D+03 4.0000000D+01 4.4530543D+01 4.9574232D+01 5.5189186D+01 6.1440111D+01 6.8399038D+01 7.6146158D+01 8.4770744D+01 9.4372181D+01 1.0506111D+02 1.1696071D+02 1.3020810D+02 1.4495593D+02 1.6137416D+02 1.7965197D+02 2.0000000D+02
3.1672343D+03 4.0000000D+01 4.4530543D+01 4.9574232D+01 5.5189186D+01 6.1440111D+01 6.8399038D+01 7.6146158D+01 8.4770744D+01 9.4372181D+01 1.0506111D+02 1.1696071D+02 1.3020810D+02 1.4495593D+02 1.6137416D+02 1.7965197D+02 2.0000000D+02
3.9874901D+03 4.0000000D+01 4.4530543D+01 4.9574232D+01 5.5189186D+01 6.1440111D+01 6.8399038D+01 7.6146158D+01 8.4770744D+01 9.4372181D+01 1.0506111D+02 1.1696071D+02 1.3020810D+02 1.4495593D+02 1.6137416D+02 1.7965197D+02 2.0000000D+02
5.0201773D+03 4.0000000D+01 4.4530543D+01 4.9574232D+01 5.5189186D+01 6.1440111D+01 6.8399038D+01 7.6146158D+01 8.4770744D+01 9.4372181D+01 1.0506111D+02 1.1696071D+02 1.3020810D+02 1.4495593D+02 1.6137416D+02 1.7965197D+02 2.0000000D+02
6.3203116D+03 4.0000000D+01 4.4530543D+01 4.9574232D+01 5.5189186D+01 6.1440111D+01 6.8399038D+01 7.6146158D+01 8.4770744D+01 9.4372181D+01 1.0506111D+02 1.1696071D+02 1.3020810D+02 1.4495593D+02 1.6137416D+02 1.7965197D+02 2.0000000D+02
7.9571569D+03 4.0000000D+01 4.4530543D+01 4.9574232D+01 5.5189186D+01 6.1440111D+01 6.8399038D+01 7.6146158D+01 8.4770744D+01 9.4372181D+01 1.0506111D+02 1.1696071D+02 1.3020810D+02 1.4495593D+02 1.6137416D+02 1.7965197D+02 2.0000000D+02
1.0017915D+04 4.0000000D+01 4.4530543D+01 4.9574232D+01 5.5189186D+01 6.1440111D+01 6.8399038D+01 7.6146158D+01 8.4770744D+01 9.4372181D+01 1.0506111D+02 1.1696071D+02 1.3020810D+02 1.4495593D+02 1.6137416D+02 1.7965197D+02 2.0000000D+02
1.2612373D+04 4.0000000D+01 4.4530543D+01 4.9574232D+01 5.5189186D+01 6.1440111D+01 6.8399038D+01 7.6146158D+01 8.4770744D+01 9.4372181D+01 1.0506111D+02 1.1696071D+02 1.3020810D+02 1.4495593D+02 1.6137416D+02 1.7965197D+02 2.0000000D+02
1.5878747D+04 4.0000000D+01 4.4530543D+01 4.9574232D+01 5.5189186D+01 6.1440111D+01 6.8399038D+01 7.6146158D+01 8.4770744D+01 9.4372181D+01 1.0506111D+02 1.1696071D+02 1.3020810D+02 1.4495593D+02 1.6137416D+02 1.7965197D+02 2.0000000D+02
1.9991052D+04 4.0000000D+01 4.4530543D+01 4.9574232D+01 5.5189186D+01 6.1440111D+01 6.8399038D+01 7.6146158D+01 8.4770744D+01 9.4372181D+01 1.0506111D+02 1.1696071D+02 1.3020810D+02 1.4495593D+02 1.6137416D+02 1.7965197D+02 2.0000000D+02
2.5168370D+04 4.0000000D+01 4.4530543D+01 4.9574232D+01 5.5189186D+01 6.1440111D+01 6.8399038D+01 7.6146158D+01 8.4770744D+01 9.4372181D+01 1.0506111D+02 1.1696071D+02 1.3020810D+02 1.4495593D+02 1.6137416D+02 1.7965197D+02 2.0000000D+02
3.1686519D+04 4.0000000D+01 4.4530543D+01 4.9574232D+01 5.5189186D+01 6.1440111D+01 6.8399038D+01 7.6146158D+01 8.4770744D+01 9.4372181D+01 1.0506111D+02 1.1696071D+02 1.3020810D+02 1.4495593D+02 1.6137416D+02 1.7965197D+02 2.0000000D+02
3.9892748D+04 4.0000000D+01 4.4530543D+01 4.9574232D+01 5.5189186D+01 6.1440111D+01 6.8399038D+01 7.6146158D+01 8.4770744D+01 9.4372181D+01 1.0506111D+02 1.1696071D+02 1.3020810D+02 1.4495593D+02 1.6137416D+02 1.7965197D+02 2.0000000D+02
5.0224242D+04 4.0000000D+01 4.4530543D+01 4.9574232D+01 5.5189186D+01 6.1440111D+01 6.8399038D+01 7.6146158D+01 8.4770744D+01 9.4372181D+01 1.0506111D+02 1.1696071D+02 1.3020810D+02 1.4495593D+02 1.6137416D+02 1.7965197D+02 2.0000000D+02
6.3231404D+04 4.0000000D+01 4.4530543D+01 4.9574232D+01 5.5189186D+01 6.1440111D+01 6.8399038D+01 7.6146158D+01 8.4770744D+01 9.4372181D+01 1.0506111D+02 1.1696071D+02 1.3020810D+02 1.4495593D+02 1.6137416D+02 1.7965197D+02 2.0000000D+02
7.9607184D+04 4.0000000D+01 4.4530543D+01 4.9574232D+01 5.5189186D+01 6.1440111D+01 6.8399038D+01 7.6146158D+01 8.4770744D+01 9.4372181D+01 1.0506111D+02 1.1696071D+02 1.3020810D+02 1.4495593D+02 1.6137416D+02 1.7965197D+02 2.0000000D+02
1.0022399D+05 4.0000000D+01 4.4530543D+01 4.9574232D+01 5.5189186D+01 6.1440111D+01 6.8399038D+01 7.6146158D+01 8.4770744D+01 9.4372181D+01 1.0506111D+02 1.1696071D+02 1.3020810D+02 1.4495593D+02 1.6137416D+02 1.7965197D+02 2.0000000D+02
1.2618018D+05 4.0000000D+01 4.4530543D+01 4.9574232D+01 5.5189186D+01 6.1440111D+01 6.8399038D+01 7.6146158D+01 8.4770744D+01 9.4372181D+01 1.0506111D+02 1.1696071D+02 1.3020810D+02 1.4495593D+02 1.6137416D+02 1.7965197D+02 2.0000000D+02
1.5885854D+05 4.0000000D+01 4.4530543D+01 4.9574232D+01 5.5189186D+01 6.1440111D+01 6.8399038D+01 7.6146158D+01 8.4770744D+01 9.4372181D+01 1.0506111D+02 1.1696071D+02 1.3020810D+02 1.4495593D+02 1.6137416D+02 1.7965197D+02 2.0000000D+02
2.0000000D+05 4.0000000D+01 4.4530543D+01 4.9574232D+01 5.5189186D+01 6.1440111D+01 6.8399038D+01 7.6146158D+01 8.4770744D+01 9.4372181D+01 1.0506111D+02 1.1696071D+02 1.3020810D+02 1.4495593D+02 1.6137416D+02 1.7965197D+02 2.0000000D+02
*END
