rm -f sp_lw_16_dsa_arva_skel
prep_spec > /dev/null << EOF
sp_lw_16_dsa_arva_skel
16
4
1
2
4
6
2
1 1
2 2
0
c
4.000000000E+02     1.000000000E+00
5.100000000E+02     4.000000000E+02
5.500000000E+02     5.100000000E+02
5.800000000E+02     5.500000000E+02
7.700000000E+02     5.800000000E+02
8.300000000E+02     7.700000000E+02
9.200000000E+02     8.300000000E+02
1.000000000E+03     9.200000000E+02
1.110000000E+03     1.000000000E+03
1.220000000E+03     1.110000000E+03
1.360000000E+03     1.220000000E+03
1.870000000E+03     1.360000000E+03
2.020000000E+03     1.870000000E+03
2.130000000E+03     2.020000000E+03
2.420000000E+03     2.130000000E+03
3.000000000E+03     2.420000000E+03
0
0
0
0
0
0
0
0
0
0
0
0
0
0
0
0
0
0
0
0
0
0
0
0
0
0
0
0
0
0
0
0
n
-1
EOF
